1533886081.0808,192.168.0.104,46062,88.221.214.42,80,tcp,0.008459,0,0,SF,2,104,1,52,normal
1533886081.08076,192.168.0.104,46060,88.221.214.42,80,tcp,0.009027,0,0,SF,2,104,1,52,normal
1533886088.59674,192.168.0.104,52156,104.17.211.204,443,tcp,0.000575,0,77,SF,4,160,4,237,normal
1533886088.7407,192.168.0.104,59584,104.16.253.5,443,tcp,0.000344,0,63,SF,2,80,4,223,normal
1533886088.88044,192.168.0.104,41848,104.16.251.5,443,tcp,0.000861,0,63,SF,5,200,4,223,normal
1533886093.48365,192.168.0.104,51070,104.16.119.145,443,tcp,0.000536,0,77,SF,4,160,4,237,normal
1533886097.13123,192.168.0.104,53790,104.16.118.145,443,tcp,0.000363,0,77,SF,4,172,5,277,normal
1533886072.7205,192.168.0.104,39369,192.168.0.1,53,udp,19.386978,1025,1838,SF,27,1781,27,2594,normal
1533886091.9486,192.168.0.104,51486,157.240.20.15,443,tcp,12.03564,2169,3922,SF,26,3529,23,5126,normal
1533886073.06667,192.168.0.104,37930,34.204.234.216,443,tcp,8.404487,430,357,OTH,4,638,4,565,normal
1533886088.41572,192.168.0.104,58392,157.240.20.35,443,tcp,0.891665,1166,4589,S1,14,1914,12,5295,normal
1533886088.52728,192.168.0.104,58192,157.240.20.19,443,tcp,13.267382,13508,2852052,S1,617,48468,619,2884248,normal
1533886062.51427,192.168.0.104,49318,104.244.46.135,443,tcp,45.071673,1,0,OTH,2,104,2,104,normal
1533886068.65857,192.168.0.104,40244,151.101.113.2,443,tcp,0.012117,1,0,OTH,1,52,1,52,normal
1533886072.72907,192.168.0.104,41354,192.0.76.3,80,tcp,0.095215,619,215,S1,5,839,4,387,normal
1533886078.8983,192.168.0.104,50660,172.217.19.67,443,tcp,0.0116,1,0,OTH,1,52,1,52,normal
1533886101.42629,192.168.0.104,52634,151.101.114.49,443,tcp,0.008365,1,0,OTH,1,52,1,52,normal
1533886099.37827,192.168.0.104,51434,104.16.120.127,443,tcp,0.012596,1,0,OTH,1,40,1,40,normal
1533886074.80262,192.168.0.104,38302,104.25.218.100,443,tcp,0.011674,1,0,OTH,1,40,1,40,normal
1533886092.10771,192.168.0.104,51488,157.240.20.15,443,tcp,11.904157,32693,11773,S1,59,35769,37,13705,normal
1533886066.61046,192.168.0.104,48366,104.244.42.136,443,tcp,0.011365,1,0,OTH,1,52,1,52,normal
1533886089.17572,192.168.0.104,55554,157.240.20.16,443,tcp,11.902556,7401,1170513,S1,276,23897,292,1185779,normal
1533886088.42703,192.168.0.104,33048,31.13.92.14,443,tcp,0.080837,581,3507,S1,6,913,6,3901,normal
1533886097.33022,192.168.0.104,37286,151.101.113.140,443,tcp,0.008213,1,0,OTH,1,52,1,52,normal
1533886070.70632,192.168.0.104,38272,104.25.218.100,443,tcp,39.232213,1,63,SF,6,264,7,406,normal
1533886088.41582,192.168.0.104,58186,157.240.20.19,443,tcp,12.727787,17540,1017506,S1,363,36436,384,1037556,normal
1533886093.23427,192.168.0.104,57384,165.227.75.40,443,tcp,0.092832,1,0,OTH,1,52,1,52,normal
1533886081.08092,192.168.0.104,53948,107.170.249.202,80,tcp,25.26707,1134,512,OTH,7,1498,6,824,normal
1533886078.89827,192.168.0.104,51556,104.16.120.127,443,tcp,0.01196,1,0,OTH,1,40,1,40,normal
1533886073.06674,192.168.0.104,50136,34.195.235.212,443,tcp,8.404383,430,357,OTH,4,638,4,565,normal
1533886088.42855,192.168.0.104,33050,31.13.92.14,443,tcp,0.083818,581,3506,S1,8,1017,8,4004,normal
1533886066.65449,192.168.0.104,59628,52.5.181.79,443,tcp,0.096017,1,0,OTH,1,52,1,52,normal
1533886070.7505,192.168.0.104,45938,184.72.247.8,443,tcp,0.10124,1,0,OTH,1,52,1,52,normal
1533886074.80266,192.168.0.104,50738,23.60.194.198,443,tcp,0.011608,1,0,OTH,1,52,1,52,normal
1533886082.99425,192.168.0.104,33018,23.60.198.210,443,tcp,12.3532,419,23,OTH,1,52,0,0,normal
1533886104.27642,192.168.0.104,54506,107.170.249.202,80,tcp,0.43275,1156,558,S1,5,1424,4,774,normal
1533886068.6586,192.168.0.104,54912,104.17.79.191,443,tcp,38.517052,1,63,SF,5,212,6,303,normal
1533886088.41555,192.168.0.104,56390,157.240.20.38,443,tcp,15.552972,78476,617518,S1,330,95776,370,638148,normal
1533886070.70629,192.168.0.104,46670,108.177.127.188,5228,tcp,0.021199,1,0,OTH,1,52,1,52,normal
1533886087.6789,192.168.0.104,57570,172.217.19.65,443,udp,0.193897,1849,4409,SF,7,2045,6,4577,normal
1533886087.69361,192.168.0.104,42748,172.217.19.67,443,udp,0.065853,1417,1401,SF,3,1501,3,1485,normal
1533886087.69109,192.168.0.104,47591,172.217.19.78,443,udp,1.137784,3821,5243,SF,9,4073,9,5495,normal
1533886087.69249,192.168.0.104,54334,172.217.22.36,443,udp,15.182266,3970,16816,SF,19,4502,23,17460,normal
1533886087.70953,192.168.0.104,50188,172.217.19.67,443,udp,0.060572,1445,1401,SF,4,1557,3,1485,normal
1533886087.67709,192.168.0.104,49422,172.217.22.35,443,udp,17.189043,4869,67814,SF,45,6129,72,69830,normal
1533886087.68057,192.168.0.104,43848,172.217.19.67,443,udp,0.062213,1417,1401,SF,3,1501,3,1485,normal
1533886087.69236,192.168.0.104,43250,172.217.22.36,443,udp,0.076688,1445,1401,SF,4,1557,3,1485,normal
1533886071.27555,192.168.0.104,41561,172.217.19.78,443,udp,36.064775,7228,3053,SF,12,7564,20,3613,normal
1533886087.65787,192.168.0.104,38044,172.217.19.74,443,udp,13.224657,5182,3038,SF,14,5574,14,3430,normal
1533886081.0808,192.168.0.104,46062,88.221.214.42,80,tcp,0.008459,0,0,SF,2,104,1,52,normal
1533886081.08076,192.168.0.104,46060,88.221.214.42,80,tcp,0.009027,0,0,SF,2,104,1,52,normal
1533886088.59674,192.168.0.104,52156,104.17.211.204,443,tcp,0.000575,0,77,SF,4,160,4,237,normal
1533886088.7407,192.168.0.104,59584,104.16.253.5,443,tcp,0.000344,0,63,SF,2,80,4,223,normal
1533886088.88044,192.168.0.104,41848,104.16.251.5,443,tcp,0.000861,0,63,SF,5,200,4,223,normal
1533886093.48365,192.168.0.104,51070,104.16.119.145,443,tcp,0.000536,0,77,SF,4,160,4,237,normal
1533886097.13123,192.168.0.104,53790,104.16.118.145,443,tcp,0.000363,0,77,SF,4,172,5,277,normal
1533886072.7205,192.168.0.104,39369,192.168.0.1,53,udp,19.386978,1025,1838,SF,27,1781,27,2594,normal
1533886091.9486,192.168.0.104,51486,157.240.20.15,443,tcp,12.03564,2169,3922,SF,26,3529,23,5126,normal
1533886073.06667,192.168.0.104,37930,34.204.234.216,443,tcp,8.404487,430,357,OTH,4,638,4,565,normal
1533886088.41572,192.168.0.104,58392,157.240.20.35,443,tcp,0.891665,1166,4589,S1,14,1914,12,5295,normal
1533886088.52728,192.168.0.104,58192,157.240.20.19,443,tcp,13.267382,13508,2852052,S1,617,48468,619,2884248,normal
1533886062.51427,192.168.0.104,49318,104.244.46.135,443,tcp,45.071673,1,0,OTH,2,104,2,104,normal
1533886068.65857,192.168.0.104,40244,151.101.113.2,443,tcp,0.012117,1,0,OTH,1,52,1,52,normal
1533886072.72907,192.168.0.104,41354,192.0.76.3,80,tcp,0.095215,619,215,S1,5,839,4,387,normal
1533886078.8983,192.168.0.104,50660,172.217.19.67,443,tcp,0.0116,1,0,OTH,1,52,1,52,normal
1533886101.42629,192.168.0.104,52634,151.101.114.49,443,tcp,0.008365,1,0,OTH,1,52,1,52,normal
1533886099.37827,192.168.0.104,51434,104.16.120.127,443,tcp,0.012596,1,0,OTH,1,40,1,40,normal
1533886074.80262,192.168.0.104,38302,104.25.218.100,443,tcp,0.011674,1,0,OTH,1,40,1,40,normal
1533886092.10771,192.168.0.104,51488,157.240.20.15,443,tcp,11.904157,32693,11773,S1,59,35769,37,13705,normal
1533886066.61046,192.168.0.104,48366,104.244.42.136,443,tcp,0.011365,1,0,OTH,1,52,1,52,normal
1533886089.17572,192.168.0.104,55554,157.240.20.16,443,tcp,11.902556,7401,1170513,S1,276,23897,292,1185779,normal
1533886088.42703,192.168.0.104,33048,31.13.92.14,443,tcp,0.080837,581,3507,S1,6,913,6,3901,normal
1533886097.33022,192.168.0.104,37286,151.101.113.140,443,tcp,0.008213,1,0,OTH,1,52,1,52,normal
1533886070.70632,192.168.0.104,38272,104.25.218.100,443,tcp,39.232213,1,63,SF,6,264,7,406,normal
1533886088.41582,192.168.0.104,58186,157.240.20.19,443,tcp,12.727787,17540,1017506,S1,363,36436,384,1037556,normal
1533886093.23427,192.168.0.104,57384,165.227.75.40,443,tcp,0.092832,1,0,OTH,1,52,1,52,normal
1533886081.08092,192.168.0.104,53948,107.170.249.202,80,tcp,25.26707,1134,512,OTH,7,1498,6,824,normal
1533886078.89827,192.168.0.104,51556,104.16.120.127,443,tcp,0.01196,1,0,OTH,1,40,1,40,normal
1533886073.06674,192.168.0.104,50136,34.195.235.212,443,tcp,8.404383,430,357,OTH,4,638,4,565,normal
1533886088.42855,192.168.0.104,33050,31.13.92.14,443,tcp,0.083818,581,3506,S1,8,1017,8,4004,normal
1533886066.65449,192.168.0.104,59628,52.5.181.79,443,tcp,0.096017,1,0,OTH,1,52,1,52,normal
1533886070.7505,192.168.0.104,45938,184.72.247.8,443,tcp,0.10124,1,0,OTH,1,52,1,52,normal
1533886074.80266,192.168.0.104,50738,23.60.194.198,443,tcp,0.011608,1,0,OTH,1,52,1,52,normal
1533886082.99425,192.168.0.104,33018,23.60.198.210,443,tcp,12.3532,419,23,OTH,1,52,0,0,normal
1533886104.27642,192.168.0.104,54506,107.170.249.202,80,tcp,0.43275,1156,558,S1,5,1424,4,774,normal
1533886068.6586,192.168.0.104,54912,104.17.79.191,443,tcp,38.517052,1,63,SF,5,212,6,303,normal
1533886088.41555,192.168.0.104,56390,157.240.20.38,443,tcp,15.552972,78476,617518,S1,330,95776,370,638148,normal
1533886070.70629,192.168.0.104,46670,108.177.127.188,5228,tcp,0.021199,1,0,OTH,1,52,1,52,normal
1533886087.6789,192.168.0.104,57570,172.217.19.65,443,udp,0.193897,1849,4409,SF,7,2045,6,4577,normal
1533886087.69361,192.168.0.104,42748,172.217.19.67,443,udp,0.065853,1417,1401,SF,3,1501,3,1485,normal
1533886087.69109,192.168.0.104,47591,172.217.19.78,443,udp,1.137784,3821,5243,SF,9,4073,9,5495,normal
1533886087.69249,192.168.0.104,54334,172.217.22.36,443,udp,15.182266,3970,16816,SF,19,4502,23,17460,normal
1533886087.70953,192.168.0.104,50188,172.217.19.67,443,udp,0.060572,1445,1401,SF,4,1557,3,1485,normal
1533886087.67709,192.168.0.104,49422,172.217.22.35,443,udp,17.189043,4869,67814,SF,45,6129,72,69830,normal
1533886087.68057,192.168.0.104,43848,172.217.19.67,443,udp,0.062213,1417,1401,SF,3,1501,3,1485,normal
1533886087.69236,192.168.0.104,43250,172.217.22.36,443,udp,0.076688,1445,1401,SF,4,1557,3,1485,normal
1533886071.27555,192.168.0.104,41561,172.217.19.78,443,udp,36.064775,7228,3053,SF,12,7564,20,3613,normal
1533886087.65787,192.168.0.104,38044,172.217.19.74,443,udp,13.224657,5182,3038,SF,14,5574,14,3430,normal
1533886081.0808,192.168.0.104,46062,88.221.214.42,80,tcp,0.008459,0,0,SF,2,104,1,52,normal
1533886081.08076,192.168.0.104,46060,88.221.214.42,80,tcp,0.009027,0,0,SF,2,104,1,52,normal
1533886088.59674,192.168.0.104,52156,104.17.211.204,443,tcp,0.000575,0,77,SF,4,160,4,237,normal
1533886088.7407,192.168.0.104,59584,104.16.253.5,443,tcp,0.000344,0,63,SF,2,80,4,223,normal
1533886088.88044,192.168.0.104,41848,104.16.251.5,443,tcp,0.000861,0,63,SF,5,200,4,223,normal
1533886093.48365,192.168.0.104,51070,104.16.119.145,443,tcp,0.000536,0,77,SF,4,160,4,237,normal
1533886097.13123,192.168.0.104,53790,104.16.118.145,443,tcp,0.000363,0,77,SF,4,172,5,277,normal
1533886072.7205,192.168.0.104,39369,192.168.0.1,53,udp,19.386978,1025,1838,SF,27,1781,27,2594,normal
1533886091.9486,192.168.0.104,51486,157.240.20.15,443,tcp,12.03564,2169,3922,SF,26,3529,23,5126,normal
1533886073.06667,192.168.0.104,37930,34.204.234.216,443,tcp,8.404487,430,357,OTH,4,638,4,565,normal
1533886088.41572,192.168.0.104,58392,157.240.20.35,443,tcp,0.891665,1166,4589,S1,14,1914,12,5295,normal
1533886088.52728,192.168.0.104,58192,157.240.20.19,443,tcp,13.267382,13508,2852052,S1,617,48468,619,2884248,normal
1533886062.51427,192.168.0.104,49318,104.244.46.135,443,tcp,45.071673,1,0,OTH,2,104,2,104,normal
1533886068.65857,192.168.0.104,40244,151.101.113.2,443,tcp,0.012117,1,0,OTH,1,52,1,52,normal
1533886072.72907,192.168.0.104,41354,192.0.76.3,80,tcp,0.095215,619,215,S1,5,839,4,387,normal
1533886078.8983,192.168.0.104,50660,172.217.19.67,443,tcp,0.0116,1,0,OTH,1,52,1,52,normal
1533886101.42629,192.168.0.104,52634,151.101.114.49,443,tcp,0.008365,1,0,OTH,1,52,1,52,normal
1533886099.37827,192.168.0.104,51434,104.16.120.127,443,tcp,0.012596,1,0,OTH,1,40,1,40,normal
1533886074.80262,192.168.0.104,38302,104.25.218.100,443,tcp,0.011674,1,0,OTH,1,40,1,40,normal
1533886092.10771,192.168.0.104,51488,157.240.20.15,443,tcp,11.904157,32693,11773,S1,59,35769,37,13705,normal
1533886066.61046,192.168.0.104,48366,104.244.42.136,443,tcp,0.011365,1,0,OTH,1,52,1,52,normal
1533886089.17572,192.168.0.104,55554,157.240.20.16,443,tcp,11.902556,7401,1170513,S1,276,23897,292,1185779,normal
1533886088.42703,192.168.0.104,33048,31.13.92.14,443,tcp,0.080837,581,3507,S1,6,913,6,3901,normal
1533886097.33022,192.168.0.104,37286,151.101.113.140,443,tcp,0.008213,1,0,OTH,1,52,1,52,normal
1533886070.70632,192.168.0.104,38272,104.25.218.100,443,tcp,39.232213,1,63,SF,6,264,7,406,normal
1533886088.41582,192.168.0.104,58186,157.240.20.19,443,tcp,12.727787,17540,1017506,S1,363,36436,384,1037556,normal
1533886093.23427,192.168.0.104,57384,165.227.75.40,443,tcp,0.092832,1,0,OTH,1,52,1,52,normal
1533886081.08092,192.168.0.104,53948,107.170.249.202,80,tcp,25.26707,1134,512,OTH,7,1498,6,824,normal
1533886078.89827,192.168.0.104,51556,104.16.120.127,443,tcp,0.01196,1,0,OTH,1,40,1,40,normal
1533886073.06674,192.168.0.104,50136,34.195.235.212,443,tcp,8.404383,430,357,OTH,4,638,4,565,normal
1533886088.42855,192.168.0.104,33050,31.13.92.14,443,tcp,0.083818,581,3506,S1,8,1017,8,4004,normal
1533886066.65449,192.168.0.104,59628,52.5.181.79,443,tcp,0.096017,1,0,OTH,1,52,1,52,normal
1533886070.7505,192.168.0.104,45938,184.72.247.8,443,tcp,0.10124,1,0,OTH,1,52,1,52,normal
1533886074.80266,192.168.0.104,50738,23.60.194.198,443,tcp,0.011608,1,0,OTH,1,52,1,52,normal
1533886082.99425,192.168.0.104,33018,23.60.198.210,443,tcp,12.3532,419,23,OTH,1,52,0,0,normal
1533886104.27642,192.168.0.104,54506,107.170.249.202,80,tcp,0.43275,1156,558,S1,5,1424,4,774,normal
1533886068.6586,192.168.0.104,54912,104.17.79.191,443,tcp,38.517052,1,63,SF,5,212,6,303,normal
1533886088.41555,192.168.0.104,56390,157.240.20.38,443,tcp,15.552972,78476,617518,S1,330,95776,370,638148,normal
1533886070.70629,192.168.0.104,46670,108.177.127.188,5228,tcp,0.021199,1,0,OTH,1,52,1,52,normal
1533886087.6789,192.168.0.104,57570,172.217.19.65,443,udp,0.193897,1849,4409,SF,7,2045,6,4577,normal
1533886087.69361,192.168.0.104,42748,172.217.19.67,443,udp,0.065853,1417,1401,SF,3,1501,3,1485,normal
1533886087.69109,192.168.0.104,47591,172.217.19.78,443,udp,1.137784,3821,5243,SF,9,4073,9,5495,normal
1533886087.69249,192.168.0.104,54334,172.217.22.36,443,udp,15.182266,3970,16816,SF,19,4502,23,17460,normal
1533886087.70953,192.168.0.104,50188,172.217.19.67,443,udp,0.060572,1445,1401,SF,4,1557,3,1485,normal
1533886087.67709,192.168.0.104,49422,172.217.22.35,443,udp,17.189043,4869,67814,SF,45,6129,72,69830,normal
1533886087.68057,192.168.0.104,43848,172.217.19.67,443,udp,0.062213,1417,1401,SF,3,1501,3,1485,normal
1533886087.69236,192.168.0.104,43250,172.217.22.36,443,udp,0.076688,1445,1401,SF,4,1557,3,1485,normal
1533886071.27555,192.168.0.104,41561,172.217.19.78,443,udp,36.064775,7228,3053,SF,12,7564,20,3613,normal
1533886087.65787,192.168.0.104,38044,172.217.19.74,443,udp,13.224657,5182,3038,SF,14,5574,14,3430,normal
1544119862.00145,192.168.0.104,0,130.216.39.255,1406,tcp,0,0,0,RSTOS0,1,40,0,0,DOS
1544119862.00151,192.168.0.104,0,182.56.11.145,1407,tcp,0,0,0,RSTOS0,1,40,0,0,DOS
1544119862.00153,192.168.0.104,0,87.116.221.195,1408,tcp,0,0,0,RSTOS0,1,40,0,0,DOS
1544119862.00155,192.168.0.104,0,217.74.4.186,1409,tcp,0,0,0,RSTOS0,1,40,0,0,DOS
1544119862.00157,192.168.0.104,0,225.227.151.174,1410,tcp,0,0,0,RSTOS0,1,40,0,0,DOS
1544119862.00159,192.168.0.104,0,217.218.216.82,1411,tcp,0,0,0,RSTOS0,1,40,0,0,DOS
1544119862.00161,192.168.0.104,0,74.226.239.109,1412,tcp,0,0,0,RSTOS0,1,40,0,0,DOS
1544119862.00163,192.168.0.104,0,227.49.144.170,1413,tcp,0,0,0,RSTOS0,1,40,0,0,DOS
1544119862.00165,192.168.0.104,0,67.184.97.10,1414,tcp,0,0,0,RSTOS0,1,40,0,0,DOS
1544119862.00167,192.168.0.104,0,188.162.37.248,1415,tcp,0,0,0,RSTOS0,1,40,0,0,DOS
1544119862.00168,192.168.0.104,0,170.23.45.53,1416,tcp,0,0,0,RSTOS0,1,40,0,0,DOS
1544119862.0017,192.168.0.104,0,166.67.99.0,1417,tcp,0,0,0,RSTOS0,1,40,0,0,DOS
1544119862.00172,192.168.0.104,0,155.131.56.110,1418,tcp,0,0,0,RSTOS0,1,40,0,0,DOS
1544119862.00174,192.168.0.104,0,226.111.162.184,1419,tcp,0,0,0,RSTOS0,1,40,0,0,DOS
1544119862.00175,192.168.0.104,0,151.235.245.54,1420,tcp,0,0,0,RSTOS0,1,40,0,0,DOS
1544119862.00177,192.168.0.104,0,186.92.137.230,1421,tcp,0,0,0,RSTOS0,1,40,0,0,DOS
1544119862.00179,192.168.0.104,0,190.151.191.5,1422,tcp,0,0,0,RSTOS0,1,40,0,0,DOS
1544119862.00181,192.168.0.104,0,187.179.182.168,1423,tcp,0,0,0,RSTOS0,1,40,0,0,DOS
1544119862.00183,192.168.0.104,0,171.160.73.89,1424,tcp,0,0,0,RSTOS0,1,40,0,0,DOS
1544119862.00184,192.168.0.104,0,212.27.162.64,1425,tcp,0,0,0,RSTOS0,1,40,0,0,DOS
1544119862.00186,192.168.0.104,0,58.167.124.29,1426,tcp,0,0,0,RSTOS0,1,40,0,0,DOS
1544119862.00188,192.168.0.104,0,21.105.227.252,1427,tcp,0,0,0,RSTOS0,1,40,0,0,DOS
1544119862.00189,192.168.0.104,0,206.78.170.160,1428,tcp,0,0,0,RSTOS0,1,40,0,0,DOS
1544119862.00191,192.168.0.104,0,147.204.223.245,1429,tcp,0,0,0,RSTOS0,1,40,0,0,DOS
1544119862.00193,192.168.0.104,0,221.205.105.157,1430,tcp,0,0,0,RSTOS0,1,40,0,0,DOS
1544119862.00194,192.168.0.104,0,118.166.141.186,1431,tcp,0,0,0,RSTOS0,1,40,0,0,DOS
1544119862.00196,192.168.0.104,0,118.21.80.74,1432,tcp,0,0,0,RSTOS0,1,40,0,0,DOS
1544119862.00198,192.168.0.104,0,165.212.22.147,1433,tcp,0,0,0,RSTOS0,1,40,0,0,DOS
1544119862.00199,192.168.0.104,0,124.23.99.168,1434,tcp,0,0,0,RSTOS0,1,40,0,0,DOS
1544119862.00201,192.168.0.104,0,194.181.110.103,1435,tcp,0,0,0,RSTOS0,1,40,0,0,DOS
1544119862.00202,192.168.0.104,0,71.141.67.170,1436,tcp,0,0,0,RSTOS0,1,40,0,0,DOS
1544119862.00204,192.168.0.104,0,100.134.87.131,1437,tcp,0,0,0,RSTOS0,1,40,0,0,DOS
1544119862.00206,192.168.0.104,0,154.182.21.57,1438,tcp,0,0,0,RSTOS0,1,40,0,0,DOS
1544119862.00208,192.168.0.104,0,138.151.254.18,1439,tcp,0,0,0,RSTOS0,1,40,0,0,DOS
1544119862.00209,192.168.0.104,0,176.149.1.141,1440,tcp,0,0,0,RSTOS0,1,40,0,0,DOS
1544119862.00211,192.168.0.104,0,158.141.80.87,1441,tcp,0,0,0,RSTOS0,1,40,0,0,DOS
1544119862.00213,192.168.0.104,0,97.25.195.228,1442,tcp,0,0,0,RSTOS0,1,40,0,0,DOS
1544119862.00214,192.168.0.104,0,192.157.167.124,1443,tcp,0,0,0,RSTOS0,1,40,0,0,DOS
1544119862.00216,192.168.0.104,0,92.225.157.221,1444,tcp,0,0,0,RSTOS0,1,40,0,0,DOS
1544119862.00218,192.168.0.104,0,250.191.138.57,1445,tcp,0,0,0,RSTOS0,1,40,0,0,DOS
1544119862.00219,192.168.0.104,0,250.118.191.74,1446,tcp,0,0,0,RSTOS0,1,40,0,0,DOS
1544119862.00221,192.168.0.104,0,27.194.145.186,1447,tcp,0,0,0,RSTOS0,1,40,0,0,DOS
1544119862.00222,192.168.0.104,0,105.56.217.74,1448,tcp,0,0,0,RSTOS0,1,40,0,0,DOS
1544119862.00224,192.168.0.104,0,4.147.167.154,1449,tcp,0,0,0,RSTOS0,1,40,0,0,DOS
1544119862.00226,192.168.0.104,0,105.222.194.39,1450,tcp,0,0,0,RSTOS0,1,40,0,0,DOS
1544119862.00227,192.168.0.104,0,205.39.138.89,1451,tcp,0,0,0,RSTOS0,1,40,0,0,DOS
1544119862.00229,192.168.0.104,0,240.124.176.227,1452,tcp,0,0,0,RSTOS0,1,40,0,0,DOS
1544119862.00231,192.168.0.104,0,16.149.82.215,1453,tcp,0,0,0,RSTOS0,1,40,0,0,DOS
1544119862.00233,192.168.0.104,0,85.45.21.161,1454,tcp,0,0,0,RSTOS0,1,40,0,0,DOS
1544119862.00234,192.168.0.104,0,54.194.48.17,1455,tcp,0,0,0,RSTOS0,1,40,0,0,DOS
1544119862.00236,192.168.0.104,0,3.116.46.10,1456,tcp,0,0,0,RSTOS0,1,40,0,0,DOS
1544119862.00237,192.168.0.104,0,155.160.192.106,1457,tcp,0,0,0,RSTOS0,1,40,0,0,DOS
1544119862.00239,192.168.0.104,0,97.170.202.215,1458,tcp,0,0,0,RSTOS0,1,40,0,0,DOS
1544119862.00241,192.168.0.104,0,192.34.21.166,1459,tcp,0,0,0,RSTOS0,1,40,0,0,DOS
1544119862.00242,192.168.0.104,0,190.191.46.17,1460,tcp,0,0,0,RSTOS0,1,40,0,0,DOS
1544119862.00244,192.168.0.104,0,170.141.155.174,1461,tcp,0,0,0,RSTOS0,1,40,0,0,DOS
1544119862.00246,192.168.0.104,0,158.192.97.137,1462,tcp,0,0,0,RSTOS0,1,40,0,0,DOS
1544119862.00247,192.168.0.104,0,200.100.73.148,1463,tcp,0,0,0,RSTOS0,1,40,0,0,DOS
1544119862.00249,192.168.0.104,0,5.230.212.215,1464,tcp,0,0,0,RSTOS0,1,40,0,0,DOS
1544119862.00251,192.168.0.104,0,130.87.41.225,1465,tcp,0,0,0,RSTOS0,1,40,0,0,DOS
1544119862.00253,192.168.0.104,0,151.151.235.110,1466,tcp,0,0,0,RSTOS0,1,40,0,0,DOS
1544119862.00254,192.168.0.104,0,73.83.186.246,1467,tcp,0,0,0,RSTOS0,1,40,0,0,DOS
1544119862.00256,192.168.0.104,0,87.233.152.152,1468,tcp,0,0,0,RSTOS0,1,40,0,0,DOS
1544119862.00257,192.168.0.104,0,103.177.226.89,1469,tcp,0,0,0,RSTOS0,1,40,0,0,DOS
1544119862.00259,192.168.0.104,0,157.251.168.116,1470,tcp,0,0,0,RSTOS0,1,40,0,0,DOS
1544119862.00261,192.168.0.104,0,4.144.202.22,1472,tcp,0,0,0,RSTOS0,1,40,0,0,DOS
1544119862.00263,192.168.0.104,0,138.228.138.120,1473,tcp,0,0,0,RSTOS0,1,40,0,0,DOS
1544119862.00265,192.168.0.104,0,188.96.57.191,1474,tcp,0,0,0,RSTOS0,1,40,0,0,DOS
1544119862.00266,192.168.0.104,0,74.174.61.212,1475,tcp,0,0,0,RSTOS0,1,40,0,0,DOS
1544119862.00268,192.168.0.104,0,206.103.74.21,1476,tcp,0,0,0,RSTOS0,1,40,0,0,DOS
1544119862.0027,192.168.0.104,0,255.100.48.53,1477,tcp,0,0,0,RSTOS0,1,40,0,0,DOS
1544119862.00271,192.168.0.104,0,6.77.67.114,1478,tcp,0,0,0,RSTOS0,1,40,0,0,DOS
1544119862.00273,192.168.0.104,0,139.189.230.4,1479,tcp,0,0,0,RSTOS0,1,40,0,0,DOS
1544119862.00275,192.168.0.104,0,3.11.218.229,1480,tcp,0,0,0,RSTOS0,1,40,0,0,DOS
1544119862.00276,192.168.0.104,0,16.252.217.110,1481,tcp,0,0,0,RSTOS0,1,40,0,0,DOS
1544119862.00278,192.168.0.104,0,121.237.97.151,1482,tcp,0,0,0,RSTOS0,1,40,0,0,DOS
1544119862.0028,192.168.0.104,0,39.226.169.218,1483,tcp,0,0,0,RSTOS0,1,40,0,0,DOS
1544119862.00281,192.168.0.104,0,48.18.244.73,1484,tcp,0,0,0,RSTOS0,1,40,0,0,DOS
1544119862.00283,192.168.0.104,0,48.96.155.222,1485,tcp,0,0,0,RSTOS0,1,40,0,0,DOS
1544119862.00285,192.168.0.104,0,217.10.135.223,1486,tcp,0,0,0,RSTOS0,1,40,0,0,DOS
1544119862.00286,192.168.0.104,0,160.97.134.237,1487,tcp,0,0,0,RSTOS0,1,40,0,0,DOS
1544119862.00288,192.168.0.104,0,250.195.181.150,1488,tcp,0,0,0,RSTOS0,1,40,0,0,DOS
1544119862.00289,192.168.0.104,0,92.139.246.202,1489,tcp,0,0,0,RSTOS0,1,40,0,0,DOS
1544119862.00291,192.168.0.104,0,121.107.76.205,1490,tcp,0,0,0,RSTOS0,1,40,0,0,DOS
1544119862.00292,192.168.0.104,0,217.89.147.166,1491,tcp,0,0,0,RSTOS0,1,40,0,0,DOS
1544119862.00294,192.168.0.104,0,33.21.217.191,1492,tcp,0,0,0,RSTOS0,1,40,0,0,DOS
1544119862.00296,192.168.0.104,0,179.6.239.110,1493,tcp,0,0,0,RSTOS0,1,40,0,0,DOS
1544119862.00298,192.168.0.104,0,195.54.6.131,1494,tcp,0,0,0,RSTOS0,1,40,0,0,DOS
1544119862.00299,192.168.0.104,0,43.119.245.34,1495,tcp,0,0,0,RSTOS0,1,40,0,0,DOS
1544119862.00301,192.168.0.104,0,85.135.97.233,1496,tcp,0,0,0,RSTOS0,1,40,0,0,DOS
1544119862.00303,192.168.0.104,0,139.85.5.130,1497,tcp,0,0,0,RSTOS0,1,40,0,0,DOS
1544119862.00304,192.168.0.104,0,74.245.168.192,1498,tcp,0,0,0,RSTOS0,1,40,0,0,DOS
1544119862.00306,192.168.0.104,0,212.131.105.135,1499,tcp,0,0,0,RSTOS0,1,40,0,0,DOS
1544119862.00308,192.168.0.104,0,16.233.165.99,1500,tcp,0,0,0,RSTOS0,1,40,0,0,DOS
1544119862.00309,192.168.0.104,0,192.191.157.53,1501,tcp,0,0,0,RSTOS0,1,40,0,0,DOS
1544119862.00312,192.168.0.104,0,25.181.217.135,1503,tcp,0,0,0,RSTOS0,1,40,0,0,DOS
1544119862.00313,192.168.0.104,0,223.23.106.195,1504,tcp,0,0,0,RSTOS0,1,40,0,0,DOS
1544119862.00315,192.168.0.104,0,191.189.64.43,1505,tcp,0,0,0,RSTOS0,1,40,0,0,DOS
1544119862.00317,192.168.0.104,0,182.16.3.150,1506,tcp,0,0,0,RSTOS0,1,40,0,0,DOS
1544119862.00318,192.168.0.104,0,10.154.111.121,1507,tcp,0,0,0,RSTOS0,1,40,0,0,DOS
1544119865.56815,192.168.0.104,0,87.94.45.202,4277,tcp,0,0,0,RSTOS0,1,40,0,0,DOS
1544119866.6039,192.168.0.104,0,179.10.61.111,24259,tcp,0,0,0,RSTOS0,1,40,0,0,DOS
1544119868.30309,192.168.0.104,0,221.229.41.21,24657,tcp,0,0,0,RSTOS0,1,40,0,0,DOS
1544119866.01484,192.168.0.104,0,110.235.114.254,9497,tcp,0,0,0,RSTOS0,1,40,0,0,DOS
1544119867.24375,192.168.0.104,0,157.73.105.56,6949,tcp,0,0,0,RSTOS0,1,40,0,0,DOS
1544119865.26824,192.168.0.104,0,152.41.16.254,50560,tcp,0,0,0,RSTOS0,1,40,0,0,DOS
1544119867.25118,192.168.0.104,0,139.235.11.202,13947,tcp,0,0,0,RSTOS0,1,40,0,0,DOS
1544119865.84381,192.168.0.104,0,138.23.71.10,9251,tcp,0,0,0,RSTOS0,1,40,0,0,DOS
1544119867.99357,192.168.0.104,0,149.56.45.192,35498,tcp,0,0,0,RSTOS0,1,40,0,0,DOS
1544119866.11864,192.168.0.104,0,83.5.144.178,38603,tcp,0,0,0,RSTOS0,1,40,0,0,DOS
1544119868.12544,192.168.0.104,0,4.25.96.74,24377,tcp,0,0,0,RSTOS0,1,40,0,0,DOS
1544119868.1969,192.168.0.104,0,119.145.78.97,49956,tcp,0,0,0,RSTOS0,1,40,0,0,DOS
1544119868.90938,192.168.0.104,0,21.18.160.23,64752,tcp,0,0,0,RSTOS0,1,40,0,0,DOS
1544119868.41051,192.168.0.104,0,166.45.124.137,49941,tcp,0,0,0,RSTOS0,1,40,0,0,DOS
1544119866.96005,192.168.0.104,0,91.124.227.68,30409,tcp,0,0,0,RSTOS0,1,40,0,0,DOS
1544119866.57355,192.168.0.104,0,54.217.179.116,21443,tcp,0,0,0,RSTOS0,1,40,0,0,DOS
1544119866.57357,192.168.0.104,0,245.116.139.58,21460,tcp,0,0,0,RSTOS0,1,40,0,0,DOS
1544119866.99908,192.168.0.104,0,226.137.105.48,53262,tcp,0,0,0,RSTOS0,1,40,0,0,DOS
1544119867.44708,192.168.0.104,0,100.100.65.215,57314,tcp,0,0,0,RSTOS0,1,40,0,0,DOS
1544119868.54377,192.168.0.104,0,124.138.149.189,23815,tcp,0,0,0,RSTOS0,1,40,0,0,DOS
1544119867.94856,192.168.0.104,0,162.52.41.149,23399,tcp,0,0,0,RSTOS0,1,40,0,0,DOS
1544119866.46217,192.168.0.104,0,116.4.251.174,39229,tcp,0,0,0,RSTOS0,1,40,0,0,DOS
1544119865.91238,192.168.0.104,0,248.5.22.131,38996,tcp,0,0,0,RSTOS0,1,40,0,0,DOS
1544119867.04011,192.168.0.104,0,146.212.191.110,572,tcp,0,0,0,RSTOS0,1,40,0,0,DOS
1544119866.66386,192.168.0.104,0,10.100.58.182,55620,tcp,0,0,0,RSTOS0,1,40,0,0,DOS
1544119865.2086,192.168.0.104,0,23.96.103.89,13039,tcp,0,0,0,RSTOS0,1,40,0,0,DOS
1544119865.96957,192.168.0.104,0,223.83.34.3,52013,tcp,0,0,0,RSTOS0,1,40,0,0,DOS
1544119869.95792,192.168.0.104,0,138.188.41.206,29170,tcp,0,0,0,RSTOS0,1,40,0,0,DOS
1544119865.26821,192.168.0.104,0,61.89.240.149,48505,tcp,0,0,0,RSTOS0,1,40,0,0,DOS
1544119865.33333,192.168.0.104,0,4.166.147.222,58419,tcp,0,0,0,RSTOS0,1,40,0,0,DOS
1544119865.56815,192.168.0.104,0,235.43.195.192,4276,tcp,0,0,0,RSTOS0,1,40,0,0,DOS
1544119865.41473,192.168.0.104,0,162.71.48.73,29503,tcp,0,0,0,RSTOS0,1,40,0,0,DOS
1544119866.03864,192.168.0.104,0,216.188.106.25,10173,tcp,0,0,0,RSTOS0,1,40,0,0,DOS
1544119865.83345,192.168.0.104,0,121.246.145.3,4346,tcp,0,0,0,RSTOS0,1,40,0,0,DOS
1544119867.18915,192.168.0.104,0,221.139.77.182,63446,tcp,0,0,0,RSTOS0,1,40,0,0,DOS
1544119865.97135,192.168.0.104,0,200.67.151.88,56372,tcp,0,0,0,RSTOS0,1,40,0,0,DOS
1544119865.7919,192.168.0.104,0,4.33.124.226,52748,tcp,0,0,0,RSTOS0,1,40,0,0,DOS
1544119868.90295,192.168.0.104,0,56.5.118.45,64243,tcp,0,0,0,RSTOS0,1,40,0,0,DOS
1544119868.79541,192.168.0.104,0,177.76.212.4,27498,tcp,0,0,0,RSTOS0,1,40,0,0,DOS
1544119867.04012,192.168.0.104,0,225.41.23.114,575,tcp,0,0,0,RSTOS0,1,40,0,0,DOS
1544119867.91813,192.168.0.104,0,167.49.73.18,49228,tcp,0,0,0,RSTOS0,1,40,0,0,DOS
1544119865.46249,192.168.0.104,0,114.184.118.237,59818,tcp,0,0,0,RSTOS0,1,40,0,0,DOS
1544119866.08982,192.168.0.104,0,192.194.74.16,10594,tcp,0,0,0,RSTOS0,1,40,0,0,DOS
1544119868.34133,192.168.0.104,0,130.73.10.239,37107,tcp,0,0,0,RSTOS0,1,40,0,0,DOS
1544119869.96282,192.168.0.104,0,4.67.94.235,31096,tcp,0,0,0,RSTOS0,1,40,0,0,DOS
1544119866.13992,192.168.0.104,0,150.78.194.157,45004,tcp,0,0,0,RSTOS0,1,40,0,0,DOS
1544119865.63056,192.168.0.104,0,67.130.13.176,53021,tcp,0,0,0,RSTOS0,1,40,0,0,DOS
1544119865.44665,192.168.0.104,0,252.88.74.245,53587,tcp,0,0,0,RSTOS0,1,40,0,0,DOS
1544119868.62699,192.168.0.104,0,199.57.189.16,6989,tcp,0,0,0,RSTOS0,1,40,0,0,DOS
1544119869.01966,192.168.0.104,0,157.111.204.130,32264,tcp,0,0,0,RSTOS0,1,40,0,0,DOS
1544119866.93741,192.168.0.104,0,226.153.147.153,30349,tcp,0,0,0,RSTOS0,1,40,0,0,DOS
1544119866.14396,192.168.0.104,0,170.91.255.233,49302,tcp,0,0,0,RSTOS0,1,40,0,0,DOS
1544119865.57607,192.168.0.104,0,202.103.29.43,6632,tcp,0,0,0,RSTOS0,1,40,0,0,DOS
1544119866.33618,192.168.0.104,0,3.29.59.130,60497,tcp,0,0,0,RSTOS0,1,40,0,0,DOS
1544119868.54739,192.168.0.104,0,189.105.78.130,25254,tcp,0,0,0,RSTOS0,1,40,0,0,DOS
1544119866.93746,192.168.0.104,0,10.178.49.149,30386,tcp,0,0,0,RSTOS0,1,40,0,0,DOS
1544119866.41197,192.168.0.104,0,235.138.68.37,21043,tcp,0,0,0,RSTOS0,1,40,0,0,DOS
1544119868.40486,192.168.0.104,0,215.6.134.132,48640,tcp,0,0,0,RSTOS0,1,40,0,0,DOS
1544119868.55879,192.168.0.104,0,229.139.49.206,30629,tcp,0,0,0,RSTOS0,1,40,0,0,DOS
1544119869.80391,192.168.0.104,0,145.232.235.74,20133,tcp,0,0,0,RSTOS0,1,40,0,0,DOS
1544119865.08807,192.168.0.104,0,45.235.54.225,35599,tcp,0,0,0,RSTOS0,1,40,0,0,DOS
1544119865.83751,192.168.0.104,0,114.87.121.200,6797,tcp,0,0,0,RSTOS0,1,40,0,0,DOS
1544119866.3592,192.168.0.104,0,244.174.192.87,2952,tcp,0,0,0,RSTOS0,1,40,0,0,DOS
1544119869.95784,192.168.0.104,0,177.83.254.215,29137,tcp,0,0,0,RSTOS0,1,40,0,0,DOS
1544119865.58006,192.168.0.104,0,22.154.67.188,11668,tcp,0,0,0,RSTOS0,1,40,0,0,DOS
1544119865.74667,192.168.0.104,0,240.105.48.92,37111,tcp,0,0,0,RSTOS0,1,40,0,0,DOS
1544119868.83672,192.168.0.104,0,190.73.88.54,36649,tcp,0,0,0,RSTOS0,1,40,0,0,DOS
1544119867.60443,192.168.0.104,0,23.29.231.10,26109,tcp,0,0,0,RSTOS0,1,40,0,0,DOS
1544119865.85184,192.168.0.104,0,245.116.166.228,13376,tcp,0,0,0,RSTOS0,1,40,0,0,DOS
1544119869.19922,192.168.0.104,0,212.151.80.82,56757,tcp,0,0,0,RSTOS0,1,40,0,0,DOS
1544119868.8674,192.168.0.104,0,118.235.247.152,51477,tcp,0,0,0,RSTOS0,1,40,0,0,DOS
1544119866.99913,192.168.0.104,0,74.17.229.162,53304,tcp,0,0,0,RSTOS0,1,40,0,0,DOS
1544119866.63247,192.168.0.104,0,179.124.188.199,32972,tcp,0,0,0,RSTOS0,1,40,0,0,DOS
1544119865.43149,192.168.0.104,0,139.151.204.130,48590,tcp,0,0,0,RSTOS0,1,40,0,0,DOS
1544119865.77907,192.168.0.104,0,104.138.145.6,52168,tcp,0,0,0,RSTOS0,1,40,0,0,DOS
1544119865.80726,192.168.0.104,0,235.167.165.134,59067,tcp,0,0,0,RSTOS0,1,40,0,0,DOS
1544119867.98386,192.168.0.104,0,226.204.107.34,32993,tcp,0,0,0,RSTOS0,1,40,0,0,DOS
1544119869.00736,192.168.0.104,0,130.239.158.228,24627,tcp,0,0,0,RSTOS0,1,40,0,0,DOS
1544119869.19925,192.168.0.104,0,97.46.104.10,58085,tcp,0,0,0,RSTOS0,1,40,0,0,DOS
1544119869.15229,192.168.0.104,0,29.65.105.18,54154,tcp,0,0,0,RSTOS0,1,40,0,0,DOS
1544119868.62346,192.168.0.104,0,200.76.61.5,5680,tcp,0,0,0,RSTOS0,1,40,0,0,DOS
1544119868.90296,192.168.0.104,0,153.192.48.217,64252,tcp,0,0,0,RSTOS0,1,40,0,0,DOS
1544119865.66138,192.168.0.104,0,97.190.254.240,6478,tcp,0,0,0,RSTOS0,1,40,0,0,DOS
1544119865.21849,192.168.0.104,0,56.155.195.246,17243,tcp,0,0,0,RSTOS0,1,40,0,0,DOS
1544119866.66387,192.168.0.104,0,54.248.178.13,55623,tcp,0,0,0,RSTOS0,1,40,0,0,DOS
1544119866.0368,192.168.0.104,0,96.247.222.144,10129,tcp,0,0,0,RSTOS0,1,40,0,0,DOS
1544119868.11574,192.168.0.104,0,245.39.160.145,8384,tcp,0,0,0,RSTOS0,1,40,0,0,DOS
1544119868.23281,192.168.0.104,0,170.43.157.245,60862,tcp,0,0,0,RSTOS0,1,40,0,0,DOS
1544119867.07053,192.168.0.104,0,255.53.33.82,12673,tcp,0,0,0,RSTOS0,1,40,0,0,DOS
1544119868.88262,192.168.0.104,0,138.153.33.227,52328,tcp,0,0,0,RSTOS0,1,40,0,0,DOS
1544119868.19336,192.168.0.104,0,1.114.25.141,48689,tcp,0,0,0,RSTOS0,1,40,0,0,DOS
1544119868.90295,192.168.0.104,0,202.58.39.37,64244,tcp,0,0,0,RSTOS0,1,40,0,0,DOS
1544119866.83166,192.168.0.104,0,37.124.239.117,46437,tcp,0,0,0,RSTOS0,1,40,0,0,DOS
1544119868.22969,192.168.0.104,0,29.10.226.11,56415,tcp,0,0,0,RSTOS0,1,40,0,0,DOS
1544119866.96009,192.168.0.104,0,29.73.67.168,32134,tcp,0,0,0,RSTOS0,1,40,0,0,DOS
1544119866.82257,192.168.0.104,0,78.178.43.240,39544,tcp,0,0,0,RSTOS0,1,40,0,0,DOS
1544119865.14972,192.168.0.104,0,178.186.53.246,64414,tcp,0,0,0,RSTOS0,1,40,0,0,DOS
1544119865.42731,192.168.0.104,0,104.80.53.182,35590,tcp,0,0,0,RSTOS0,1,40,0,0,DOS
1544119866.73134,192.168.0.104,0,110.245.103.158,11653,tcp,0,0,0,RSTOS0,1,40,0,0,DOS
1544119865.9695,192.168.0.104,0,204.169.135.199,47789,tcp,0,0,0,RSTOS0,1,40,0,0,DOS
1544119862.00145,192.168.0.104,0,130.216.39.255,1406,tcp,0,0,0,RSTOS0,1,40,0,0,DOS
1544119862.00151,192.168.0.104,0,182.56.11.145,1407,tcp,0,0,0,RSTOS0,1,40,0,0,DOS
1544119862.00153,192.168.0.104,0,87.116.221.195,1408,tcp,0,0,0,RSTOS0,1,40,0,0,DOS
1544119862.00155,192.168.0.104,0,217.74.4.186,1409,tcp,0,0,0,RSTOS0,1,40,0,0,DOS
1544119862.00157,192.168.0.104,0,225.227.151.174,1410,tcp,0,0,0,RSTOS0,1,40,0,0,DOS
1544119862.00159,192.168.0.104,0,217.218.216.82,1411,tcp,0,0,0,RSTOS0,1,40,0,0,DOS
1544119862.00161,192.168.0.104,0,74.226.239.109,1412,tcp,0,0,0,RSTOS0,1,40,0,0,DOS
1544119862.00163,192.168.0.104,0,227.49.144.170,1413,tcp,0,0,0,RSTOS0,1,40,0,0,DOS
1544119862.00165,192.168.0.104,0,67.184.97.10,1414,tcp,0,0,0,RSTOS0,1,40,0,0,DOS
1544119862.00167,192.168.0.104,0,188.162.37.248,1415,tcp,0,0,0,RSTOS0,1,40,0,0,DOS
1544119862.00168,192.168.0.104,0,170.23.45.53,1416,tcp,0,0,0,RSTOS0,1,40,0,0,DOS
1544119862.0017,192.168.0.104,0,166.67.99.0,1417,tcp,0,0,0,RSTOS0,1,40,0,0,DOS
1544119862.00172,192.168.0.104,0,155.131.56.110,1418,tcp,0,0,0,RSTOS0,1,40,0,0,DOS
1544119862.00174,192.168.0.104,0,226.111.162.184,1419,tcp,0,0,0,RSTOS0,1,40,0,0,DOS
1544119862.00175,192.168.0.104,0,151.235.245.54,1420,tcp,0,0,0,RSTOS0,1,40,0,0,DOS
1544119862.00177,192.168.0.104,0,186.92.137.230,1421,tcp,0,0,0,RSTOS0,1,40,0,0,DOS
1544119862.00179,192.168.0.104,0,190.151.191.5,1422,tcp,0,0,0,RSTOS0,1,40,0,0,DOS
1544119862.00181,192.168.0.104,0,187.179.182.168,1423,tcp,0,0,0,RSTOS0,1,40,0,0,DOS
1544119862.00183,192.168.0.104,0,171.160.73.89,1424,tcp,0,0,0,RSTOS0,1,40,0,0,DOS
1544119862.00184,192.168.0.104,0,212.27.162.64,1425,tcp,0,0,0,RSTOS0,1,40,0,0,DOS
1544119862.00186,192.168.0.104,0,58.167.124.29,1426,tcp,0,0,0,RSTOS0,1,40,0,0,DOS
1544119862.00188,192.168.0.104,0,21.105.227.252,1427,tcp,0,0,0,RSTOS0,1,40,0,0,DOS
1544119862.00189,192.168.0.104,0,206.78.170.160,1428,tcp,0,0,0,RSTOS0,1,40,0,0,DOS
1544119862.00191,192.168.0.104,0,147.204.223.245,1429,tcp,0,0,0,RSTOS0,1,40,0,0,DOS
1544119862.00193,192.168.0.104,0,221.205.105.157,1430,tcp,0,0,0,RSTOS0,1,40,0,0,DOS
1544119862.00194,192.168.0.104,0,118.166.141.186,1431,tcp,0,0,0,RSTOS0,1,40,0,0,DOS
1544119862.00196,192.168.0.104,0,118.21.80.74,1432,tcp,0,0,0,RSTOS0,1,40,0,0,DOS
1544119862.00198,192.168.0.104,0,165.212.22.147,1433,tcp,0,0,0,RSTOS0,1,40,0,0,DOS
1544119862.00199,192.168.0.104,0,124.23.99.168,1434,tcp,0,0,0,RSTOS0,1,40,0,0,DOS
1544119862.00201,192.168.0.104,0,194.181.110.103,1435,tcp,0,0,0,RSTOS0,1,40,0,0,DOS
1544119862.00202,192.168.0.104,0,71.141.67.170,1436,tcp,0,0,0,RSTOS0,1,40,0,0,DOS
1544119862.00204,192.168.0.104,0,100.134.87.131,1437,tcp,0,0,0,RSTOS0,1,40,0,0,DOS
1544119862.00206,192.168.0.104,0,154.182.21.57,1438,tcp,0,0,0,RSTOS0,1,40,0,0,DOS
1544119862.00208,192.168.0.104,0,138.151.254.18,1439,tcp,0,0,0,RSTOS0,1,40,0,0,DOS
1544119862.00209,192.168.0.104,0,176.149.1.141,1440,tcp,0,0,0,RSTOS0,1,40,0,0,DOS
1544119862.00211,192.168.0.104,0,158.141.80.87,1441,tcp,0,0,0,RSTOS0,1,40,0,0,DOS
1544119862.00213,192.168.0.104,0,97.25.195.228,1442,tcp,0,0,0,RSTOS0,1,40,0,0,DOS
1544119862.00214,192.168.0.104,0,192.157.167.124,1443,tcp,0,0,0,RSTOS0,1,40,0,0,DOS
1544119862.00216,192.168.0.104,0,92.225.157.221,1444,tcp,0,0,0,RSTOS0,1,40,0,0,DOS
1544119862.00218,192.168.0.104,0,250.191.138.57,1445,tcp,0,0,0,RSTOS0,1,40,0,0,DOS
1544119862.00219,192.168.0.104,0,250.118.191.74,1446,tcp,0,0,0,RSTOS0,1,40,0,0,DOS
1544119862.00221,192.168.0.104,0,27.194.145.186,1447,tcp,0,0,0,RSTOS0,1,40,0,0,DOS
1544119862.00222,192.168.0.104,0,105.56.217.74,1448,tcp,0,0,0,RSTOS0,1,40,0,0,DOS
1544119862.00224,192.168.0.104,0,4.147.167.154,1449,tcp,0,0,0,RSTOS0,1,40,0,0,DOS
1544119862.00226,192.168.0.104,0,105.222.194.39,1450,tcp,0,0,0,RSTOS0,1,40,0,0,DOS
1544119862.00227,192.168.0.104,0,205.39.138.89,1451,tcp,0,0,0,RSTOS0,1,40,0,0,DOS
1544119862.00229,192.168.0.104,0,240.124.176.227,1452,tcp,0,0,0,RSTOS0,1,40,0,0,DOS
1544119862.00231,192.168.0.104,0,16.149.82.215,1453,tcp,0,0,0,RSTOS0,1,40,0,0,DOS
1544119862.00233,192.168.0.104,0,85.45.21.161,1454,tcp,0,0,0,RSTOS0,1,40,0,0,DOS
1544119862.00234,192.168.0.104,0,54.194.48.17,1455,tcp,0,0,0,RSTOS0,1,40,0,0,DOS
1544119862.00236,192.168.0.104,0,3.116.46.10,1456,tcp,0,0,0,RSTOS0,1,40,0,0,DOS
1544119862.00237,192.168.0.104,0,155.160.192.106,1457,tcp,0,0,0,RSTOS0,1,40,0,0,DOS
1544119862.00239,192.168.0.104,0,97.170.202.215,1458,tcp,0,0,0,RSTOS0,1,40,0,0,DOS
1544119862.00241,192.168.0.104,0,192.34.21.166,1459,tcp,0,0,0,RSTOS0,1,40,0,0,DOS
1544119862.00242,192.168.0.104,0,190.191.46.17,1460,tcp,0,0,0,RSTOS0,1,40,0,0,DOS
1544119862.00244,192.168.0.104,0,170.141.155.174,1461,tcp,0,0,0,RSTOS0,1,40,0,0,DOS
1544119862.00246,192.168.0.104,0,158.192.97.137,1462,tcp,0,0,0,RSTOS0,1,40,0,0,DOS
1544119862.00247,192.168.0.104,0,200.100.73.148,1463,tcp,0,0,0,RSTOS0,1,40,0,0,DOS
1544119862.00249,192.168.0.104,0,5.230.212.215,1464,tcp,0,0,0,RSTOS0,1,40,0,0,DOS
1544119862.00251,192.168.0.104,0,130.87.41.225,1465,tcp,0,0,0,RSTOS0,1,40,0,0,DOS
1544119862.00253,192.168.0.104,0,151.151.235.110,1466,tcp,0,0,0,RSTOS0,1,40,0,0,DOS
1544119862.00254,192.168.0.104,0,73.83.186.246,1467,tcp,0,0,0,RSTOS0,1,40,0,0,DOS
1544119862.00256,192.168.0.104,0,87.233.152.152,1468,tcp,0,0,0,RSTOS0,1,40,0,0,DOS
1544119862.00257,192.168.0.104,0,103.177.226.89,1469,tcp,0,0,0,RSTOS0,1,40,0,0,DOS
1544119862.00259,192.168.0.104,0,157.251.168.116,1470,tcp,0,0,0,RSTOS0,1,40,0,0,DOS
1544119862.00261,192.168.0.104,0,4.144.202.22,1472,tcp,0,0,0,RSTOS0,1,40,0,0,DOS
1544119862.00263,192.168.0.104,0,138.228.138.120,1473,tcp,0,0,0,RSTOS0,1,40,0,0,DOS
1544119862.00265,192.168.0.104,0,188.96.57.191,1474,tcp,0,0,0,RSTOS0,1,40,0,0,DOS
1544119862.00266,192.168.0.104,0,74.174.61.212,1475,tcp,0,0,0,RSTOS0,1,40,0,0,DOS
1544119862.00268,192.168.0.104,0,206.103.74.21,1476,tcp,0,0,0,RSTOS0,1,40,0,0,DOS
1544119862.0027,192.168.0.104,0,255.100.48.53,1477,tcp,0,0,0,RSTOS0,1,40,0,0,DOS
1544119862.00271,192.168.0.104,0,6.77.67.114,1478,tcp,0,0,0,RSTOS0,1,40,0,0,DOS
1544119862.00273,192.168.0.104,0,139.189.230.4,1479,tcp,0,0,0,RSTOS0,1,40,0,0,DOS
1544119862.00275,192.168.0.104,0,3.11.218.229,1480,tcp,0,0,0,RSTOS0,1,40,0,0,DOS
1544119862.00276,192.168.0.104,0,16.252.217.110,1481,tcp,0,0,0,RSTOS0,1,40,0,0,DOS
1544119862.00278,192.168.0.104,0,121.237.97.151,1482,tcp,0,0,0,RSTOS0,1,40,0,0,DOS
1544119862.0028,192.168.0.104,0,39.226.169.218,1483,tcp,0,0,0,RSTOS0,1,40,0,0,DOS
1544119862.00281,192.168.0.104,0,48.18.244.73,1484,tcp,0,0,0,RSTOS0,1,40,0,0,DOS
1544119862.00283,192.168.0.104,0,48.96.155.222,1485,tcp,0,0,0,RSTOS0,1,40,0,0,DOS
1544119862.00285,192.168.0.104,0,217.10.135.223,1486,tcp,0,0,0,RSTOS0,1,40,0,0,DOS
1544119862.00286,192.168.0.104,0,160.97.134.237,1487,tcp,0,0,0,RSTOS0,1,40,0,0,DOS
1544119862.00288,192.168.0.104,0,250.195.181.150,1488,tcp,0,0,0,RSTOS0,1,40,0,0,DOS
1544119862.00289,192.168.0.104,0,92.139.246.202,1489,tcp,0,0,0,RSTOS0,1,40,0,0,DOS
1544119862.00291,192.168.0.104,0,121.107.76.205,1490,tcp,0,0,0,RSTOS0,1,40,0,0,DOS
1544119862.00292,192.168.0.104,0,217.89.147.166,1491,tcp,0,0,0,RSTOS0,1,40,0,0,DOS
1544119862.00294,192.168.0.104,0,33.21.217.191,1492,tcp,0,0,0,RSTOS0,1,40,0,0,DOS
1544119862.00296,192.168.0.104,0,179.6.239.110,1493,tcp,0,0,0,RSTOS0,1,40,0,0,DOS
1544119862.00298,192.168.0.104,0,195.54.6.131,1494,tcp,0,0,0,RSTOS0,1,40,0,0,DOS
1544119862.00299,192.168.0.104,0,43.119.245.34,1495,tcp,0,0,0,RSTOS0,1,40,0,0,DOS
1544119862.00301,192.168.0.104,0,85.135.97.233,1496,tcp,0,0,0,RSTOS0,1,40,0,0,DOS
1544119862.00303,192.168.0.104,0,139.85.5.130,1497,tcp,0,0,0,RSTOS0,1,40,0,0,DOS
1544119862.00304,192.168.0.104,0,74.245.168.192,1498,tcp,0,0,0,RSTOS0,1,40,0,0,DOS
1544119862.00306,192.168.0.104,0,212.131.105.135,1499,tcp,0,0,0,RSTOS0,1,40,0,0,DOS
1544119862.00308,192.168.0.104,0,16.233.165.99,1500,tcp,0,0,0,RSTOS0,1,40,0,0,DOS
1544119862.00309,192.168.0.104,0,192.191.157.53,1501,tcp,0,0,0,RSTOS0,1,40,0,0,DOS
1544119862.00312,192.168.0.104,0,25.181.217.135,1503,tcp,0,0,0,RSTOS0,1,40,0,0,DOS
1544119862.00313,192.168.0.104,0,223.23.106.195,1504,tcp,0,0,0,RSTOS0,1,40,0,0,DOS
1544119862.00315,192.168.0.104,0,191.189.64.43,1505,tcp,0,0,0,RSTOS0,1,40,0,0,DOS
1544119862.00317,192.168.0.104,0,182.16.3.150,1506,tcp,0,0,0,RSTOS0,1,40,0,0,DOS
1544119862.00318,192.168.0.104,0,10.154.111.121,1507,tcp,0,0,0,RSTOS0,1,40,0,0,DOS
1544119865.56815,192.168.0.104,0,87.94.45.202,4277,tcp,0,0,0,RSTOS0,1,40,0,0,DOS
1544119866.6039,192.168.0.104,0,179.10.61.111,24259,tcp,0,0,0,RSTOS0,1,40,0,0,DOS
1544119868.30309,192.168.0.104,0,221.229.41.21,24657,tcp,0,0,0,RSTOS0,1,40,0,0,DOS
1544119866.01484,192.168.0.104,0,110.235.114.254,9497,tcp,0,0,0,RSTOS0,1,40,0,0,DOS
1544119867.24375,192.168.0.104,0,157.73.105.56,6949,tcp,0,0,0,RSTOS0,1,40,0,0,DOS
1544119865.26824,192.168.0.104,0,152.41.16.254,50560,tcp,0,0,0,RSTOS0,1,40,0,0,DOS
1544119867.25118,192.168.0.104,0,139.235.11.202,13947,tcp,0,0,0,RSTOS0,1,40,0,0,DOS
1544119865.84381,192.168.0.104,0,138.23.71.10,9251,tcp,0,0,0,RSTOS0,1,40,0,0,DOS
1544119867.99357,192.168.0.104,0,149.56.45.192,35498,tcp,0,0,0,RSTOS0,1,40,0,0,DOS
1544119866.11864,192.168.0.104,0,83.5.144.178,38603,tcp,0,0,0,RSTOS0,1,40,0,0,DOS
1544119868.12544,192.168.0.104,0,4.25.96.74,24377,tcp,0,0,0,RSTOS0,1,40,0,0,DOS
1544119868.1969,192.168.0.104,0,119.145.78.97,49956,tcp,0,0,0,RSTOS0,1,40,0,0,DOS
1544119868.90938,192.168.0.104,0,21.18.160.23,64752,tcp,0,0,0,RSTOS0,1,40,0,0,DOS
1544119868.41051,192.168.0.104,0,166.45.124.137,49941,tcp,0,0,0,RSTOS0,1,40,0,0,DOS
1544119866.96005,192.168.0.104,0,91.124.227.68,30409,tcp,0,0,0,RSTOS0,1,40,0,0,DOS
1544119866.57355,192.168.0.104,0,54.217.179.116,21443,tcp,0,0,0,RSTOS0,1,40,0,0,DOS
1544119866.57357,192.168.0.104,0,245.116.139.58,21460,tcp,0,0,0,RSTOS0,1,40,0,0,DOS
1544119866.99908,192.168.0.104,0,226.137.105.48,53262,tcp,0,0,0,RSTOS0,1,40,0,0,DOS
1544119867.44708,192.168.0.104,0,100.100.65.215,57314,tcp,0,0,0,RSTOS0,1,40,0,0,DOS
1544119868.54377,192.168.0.104,0,124.138.149.189,23815,tcp,0,0,0,RSTOS0,1,40,0,0,DOS
1544119867.94856,192.168.0.104,0,162.52.41.149,23399,tcp,0,0,0,RSTOS0,1,40,0,0,DOS
1544119866.46217,192.168.0.104,0,116.4.251.174,39229,tcp,0,0,0,RSTOS0,1,40,0,0,DOS
1544119865.91238,192.168.0.104,0,248.5.22.131,38996,tcp,0,0,0,RSTOS0,1,40,0,0,DOS
1544119867.04011,192.168.0.104,0,146.212.191.110,572,tcp,0,0,0,RSTOS0,1,40,0,0,DOS
1544119866.66386,192.168.0.104,0,10.100.58.182,55620,tcp,0,0,0,RSTOS0,1,40,0,0,DOS
1544119865.2086,192.168.0.104,0,23.96.103.89,13039,tcp,0,0,0,RSTOS0,1,40,0,0,DOS
1544119865.96957,192.168.0.104,0,223.83.34.3,52013,tcp,0,0,0,RSTOS0,1,40,0,0,DOS
1544119869.95792,192.168.0.104,0,138.188.41.206,29170,tcp,0,0,0,RSTOS0,1,40,0,0,DOS
1544119865.26821,192.168.0.104,0,61.89.240.149,48505,tcp,0,0,0,RSTOS0,1,40,0,0,DOS
1544119865.33333,192.168.0.104,0,4.166.147.222,58419,tcp,0,0,0,RSTOS0,1,40,0,0,DOS
1544119865.56815,192.168.0.104,0,235.43.195.192,4276,tcp,0,0,0,RSTOS0,1,40,0,0,DOS
1544119865.41473,192.168.0.104,0,162.71.48.73,29503,tcp,0,0,0,RSTOS0,1,40,0,0,DOS
1544119866.03864,192.168.0.104,0,216.188.106.25,10173,tcp,0,0,0,RSTOS0,1,40,0,0,DOS
1544119865.83345,192.168.0.104,0,121.246.145.3,4346,tcp,0,0,0,RSTOS0,1,40,0,0,DOS
1544119867.18915,192.168.0.104,0,221.139.77.182,63446,tcp,0,0,0,RSTOS0,1,40,0,0,DOS
1544119865.97135,192.168.0.104,0,200.67.151.88,56372,tcp,0,0,0,RSTOS0,1,40,0,0,DOS
1544119865.7919,192.168.0.104,0,4.33.124.226,52748,tcp,0,0,0,RSTOS0,1,40,0,0,DOS
1544119868.90295,192.168.0.104,0,56.5.118.45,64243,tcp,0,0,0,RSTOS0,1,40,0,0,DOS
1544119868.79541,192.168.0.104,0,177.76.212.4,27498,tcp,0,0,0,RSTOS0,1,40,0,0,DOS
1544119867.04012,192.168.0.104,0,225.41.23.114,575,tcp,0,0,0,RSTOS0,1,40,0,0,DOS
1544119867.91813,192.168.0.104,0,167.49.73.18,49228,tcp,0,0,0,RSTOS0,1,40,0,0,DOS
1544119865.46249,192.168.0.104,0,114.184.118.237,59818,tcp,0,0,0,RSTOS0,1,40,0,0,DOS
1544119866.08982,192.168.0.104,0,192.194.74.16,10594,tcp,0,0,0,RSTOS0,1,40,0,0,DOS
1544119868.34133,192.168.0.104,0,130.73.10.239,37107,tcp,0,0,0,RSTOS0,1,40,0,0,DOS
1544119869.96282,192.168.0.104,0,4.67.94.235,31096,tcp,0,0,0,RSTOS0,1,40,0,0,DOS
1544119866.13992,192.168.0.104,0,150.78.194.157,45004,tcp,0,0,0,RSTOS0,1,40,0,0,DOS
1544119865.63056,192.168.0.104,0,67.130.13.176,53021,tcp,0,0,0,RSTOS0,1,40,0,0,DOS
1544119865.44665,192.168.0.104,0,252.88.74.245,53587,tcp,0,0,0,RSTOS0,1,40,0,0,DOS
1544119868.62699,192.168.0.104,0,199.57.189.16,6989,tcp,0,0,0,RSTOS0,1,40,0,0,DOS
1544119869.01966,192.168.0.104,0,157.111.204.130,32264,tcp,0,0,0,RSTOS0,1,40,0,0,DOS
1544119866.93741,192.168.0.104,0,226.153.147.153,30349,tcp,0,0,0,RSTOS0,1,40,0,0,DOS
1544119866.14396,192.168.0.104,0,170.91.255.233,49302,tcp,0,0,0,RSTOS0,1,40,0,0,DOS
1544119865.57607,192.168.0.104,0,202.103.29.43,6632,tcp,0,0,0,RSTOS0,1,40,0,0,DOS
1544119866.33618,192.168.0.104,0,3.29.59.130,60497,tcp,0,0,0,RSTOS0,1,40,0,0,DOS
1544119868.54739,192.168.0.104,0,189.105.78.130,25254,tcp,0,0,0,RSTOS0,1,40,0,0,DOS
1544119866.93746,192.168.0.104,0,10.178.49.149,30386,tcp,0,0,0,RSTOS0,1,40,0,0,DOS
1544119866.41197,192.168.0.104,0,235.138.68.37,21043,tcp,0,0,0,RSTOS0,1,40,0,0,DOS
1544119868.40486,192.168.0.104,0,215.6.134.132,48640,tcp,0,0,0,RSTOS0,1,40,0,0,DOS
1544119868.55879,192.168.0.104,0,229.139.49.206,30629,tcp,0,0,0,RSTOS0,1,40,0,0,DOS
1544119869.80391,192.168.0.104,0,145.232.235.74,20133,tcp,0,0,0,RSTOS0,1,40,0,0,DOS
1544119865.08807,192.168.0.104,0,45.235.54.225,35599,tcp,0,0,0,RSTOS0,1,40,0,0,DOS
1544119865.83751,192.168.0.104,0,114.87.121.200,6797,tcp,0,0,0,RSTOS0,1,40,0,0,DOS
1544119866.3592,192.168.0.104,0,244.174.192.87,2952,tcp,0,0,0,RSTOS0,1,40,0,0,DOS
1544119869.95784,192.168.0.104,0,177.83.254.215,29137,tcp,0,0,0,RSTOS0,1,40,0,0,DOS
1544119865.58006,192.168.0.104,0,22.154.67.188,11668,tcp,0,0,0,RSTOS0,1,40,0,0,DOS
1544119865.74667,192.168.0.104,0,240.105.48.92,37111,tcp,0,0,0,RSTOS0,1,40,0,0,DOS
1544119868.83672,192.168.0.104,0,190.73.88.54,36649,tcp,0,0,0,RSTOS0,1,40,0,0,DOS
1544119867.60443,192.168.0.104,0,23.29.231.10,26109,tcp,0,0,0,RSTOS0,1,40,0,0,DOS
1544119865.85184,192.168.0.104,0,245.116.166.228,13376,tcp,0,0,0,RSTOS0,1,40,0,0,DOS
1544119869.19922,192.168.0.104,0,212.151.80.82,56757,tcp,0,0,0,RSTOS0,1,40,0,0,DOS
1544119868.8674,192.168.0.104,0,118.235.247.152,51477,tcp,0,0,0,RSTOS0,1,40,0,0,DOS
1544119866.99913,192.168.0.104,0,74.17.229.162,53304,tcp,0,0,0,RSTOS0,1,40,0,0,DOS
1544119866.63247,192.168.0.104,0,179.124.188.199,32972,tcp,0,0,0,RSTOS0,1,40,0,0,DOS
1544119865.43149,192.168.0.104,0,139.151.204.130,48590,tcp,0,0,0,RSTOS0,1,40,0,0,DOS
1544119865.77907,192.168.0.104,0,104.138.145.6,52168,tcp,0,0,0,RSTOS0,1,40,0,0,DOS
1544119865.80726,192.168.0.104,0,235.167.165.134,59067,tcp,0,0,0,RSTOS0,1,40,0,0,DOS
1544119867.98386,192.168.0.104,0,226.204.107.34,32993,tcp,0,0,0,RSTOS0,1,40,0,0,DOS
1544119869.00736,192.168.0.104,0,130.239.158.228,24627,tcp,0,0,0,RSTOS0,1,40,0,0,DOS
1544119869.19925,192.168.0.104,0,97.46.104.10,58085,tcp,0,0,0,RSTOS0,1,40,0,0,DOS
1544119869.15229,192.168.0.104,0,29.65.105.18,54154,tcp,0,0,0,RSTOS0,1,40,0,0,DOS
1544119868.62346,192.168.0.104,0,200.76.61.5,5680,tcp,0,0,0,RSTOS0,1,40,0,0,DOS
1544119868.90296,192.168.0.104,0,153.192.48.217,64252,tcp,0,0,0,RSTOS0,1,40,0,0,DOS
1544119865.66138,192.168.0.104,0,97.190.254.240,6478,tcp,0,0,0,RSTOS0,1,40,0,0,DOS
1544119865.21849,192.168.0.104,0,56.155.195.246,17243,tcp,0,0,0,RSTOS0,1,40,0,0,DOS
1544119866.66387,192.168.0.104,0,54.248.178.13,55623,tcp,0,0,0,RSTOS0,1,40,0,0,DOS
1544119866.0368,192.168.0.104,0,96.247.222.144,10129,tcp,0,0,0,RSTOS0,1,40,0,0,DOS
1544119868.11574,192.168.0.104,0,245.39.160.145,8384,tcp,0,0,0,RSTOS0,1,40,0,0,DOS
1544119868.23281,192.168.0.104,0,170.43.157.245,60862,tcp,0,0,0,RSTOS0,1,40,0,0,DOS
1544119867.07053,192.168.0.104,0,255.53.33.82,12673,tcp,0,0,0,RSTOS0,1,40,0,0,DOS
1544119868.88262,192.168.0.104,0,138.153.33.227,52328,tcp,0,0,0,RSTOS0,1,40,0,0,DOS
1544119868.19336,192.168.0.104,0,1.114.25.141,48689,tcp,0,0,0,RSTOS0,1,40,0,0,DOS
1544119868.90295,192.168.0.104,0,202.58.39.37,64244,tcp,0,0,0,RSTOS0,1,40,0,0,DOS
1544119866.83166,192.168.0.104,0,37.124.239.117,46437,tcp,0,0,0,RSTOS0,1,40,0,0,DOS
1544119868.22969,192.168.0.104,0,29.10.226.11,56415,tcp,0,0,0,RSTOS0,1,40,0,0,DOS
1544119866.96009,192.168.0.104,0,29.73.67.168,32134,tcp,0,0,0,RSTOS0,1,40,0,0,DOS
1544119866.82257,192.168.0.104,0,78.178.43.240,39544,tcp,0,0,0,RSTOS0,1,40,0,0,DOS
1544119865.14972,192.168.0.104,0,178.186.53.246,64414,tcp,0,0,0,RSTOS0,1,40,0,0,DOS
1544119865.42731,192.168.0.104,0,104.80.53.182,35590,tcp,0,0,0,RSTOS0,1,40,0,0,DOS
1544119866.73134,192.168.0.104,0,110.245.103.158,11653,tcp,0,0,0,RSTOS0,1,40,0,0,DOS
1544119865.9695,192.168.0.104,0,204.169.135.199,47789,tcp,0,0,0,RSTOS0,1,40,0,0,DOS
1545580553.6908,10.165.217.105,8,192.168.0.102,0,icmp,0,0,0,OTH,1,28,0,0,DOS
1545580554.55145,197.77.45.115,8,192.168.0.102,0,icmp,0,0,0,OTH,1,28,0,0,DOS
1545580554.90266,128.180.252.158,8,192.168.0.102,0,icmp,0,0,0,OTH,1,28,0,0,DOS
1545580554.56541,63.199.100.193,8,192.168.0.102,0,icmp,0,0,0,OTH,1,28,0,0,DOS
1545580553.9711,153.97.103.68,8,192.168.0.102,0,icmp,0,0,0,OTH,1,28,0,0,DOS
1545580554.69443,22.108.43.224,8,192.168.0.102,0,icmp,0,0,0,OTH,1,28,0,0,DOS
1545580554.77486,7.27.31.111,8,192.168.0.102,0,icmp,0,0,0,OTH,1,28,0,0,DOS
1545580554.6804,176.221.66.80,8,192.168.0.102,0,icmp,0,0,0,OTH,1,28,0,0,DOS
1545580555.59952,68.76.20.205,8,192.168.0.102,0,icmp,0,0,0,OTH,1,28,0,0,DOS
1545580554.96502,193.180.155.102,8,192.168.0.102,0,icmp,0,0,0,OTH,1,28,0,0,DOS
1545580555.48477,109.158.120.158,8,192.168.0.102,0,icmp,0,0,0,OTH,1,28,0,0,DOS
1545580554.79285,71.39.186.91,8,192.168.0.102,0,icmp,0,0,0,OTH,1,28,0,0,DOS
1545580553.6519,178.83.9.10,8,192.168.0.102,0,icmp,0,0,0,OTH,1,28,0,0,DOS
1545580554.07864,6.121.115.137,8,192.168.0.102,0,icmp,0,0,0,OTH,1,28,0,0,DOS
1545580554.52881,109.29.83.132,8,192.168.0.102,0,icmp,0,0,0,OTH,1,28,0,0,DOS
1545580554.89634,52.57.197.71,8,192.168.0.102,0,icmp,0,0,0,OTH,1,28,0,0,DOS
1545580554.6288,139.116.217.10,8,192.168.0.102,0,icmp,0,0,0,OTH,1,28,0,0,DOS
1545580554.27754,133.245.165.43,8,192.168.0.102,0,icmp,0,0,0,OTH,1,28,0,0,DOS
1545580554.78274,190.205.88.117,8,192.168.0.102,0,icmp,0,0,0,OTH,1,28,0,0,DOS
1545580555.11897,131.230.115.137,8,192.168.0.102,0,icmp,0,0,0,OTH,1,28,0,0,DOS
1545580554.56622,128.156.51.109,8,192.168.0.102,0,icmp,0,0,0,OTH,1,28,0,0,DOS
1545580555.57292,229.115.103.26,8,192.168.0.102,0,icmp,0,0,0,OTH,1,28,0,0,DOS
1545580553.65273,71.41.16.83,8,192.168.0.102,0,icmp,0,0,0,OTH,1,28,0,0,DOS
1545580553.80481,164.229.26.71,8,192.168.0.102,0,icmp,0,0,0,OTH,1,28,0,0,DOS
1545580554.45187,41.31.149.139,8,192.168.0.102,0,icmp,0,0,0,OTH,1,28,0,0,DOS
1545580554.71761,115.120.186.45,8,192.168.0.102,0,icmp,0,0,0,OTH,1,28,0,0,DOS
1545580554.90025,73.138.128.106,8,192.168.0.102,0,icmp,0,0,0,OTH,1,28,0,0,DOS
1545580555.5701,205.68.6.205,8,192.168.0.102,0,icmp,0,0,0,OTH,1,28,0,0,DOS
1545580555.26835,136.8.116.73,8,192.168.0.102,0,icmp,0,0,0,OTH,1,28,0,0,DOS
1545580555.06253,170.102.143.43,8,192.168.0.102,0,icmp,0,0,0,OTH,1,28,0,0,DOS
1545580554.43931,170.194.170.98,8,192.168.0.102,0,icmp,0,0,0,OTH,1,28,0,0,DOS
1545580554.552,99.71.43.109,8,192.168.0.102,0,icmp,0,0,0,OTH,1,28,0,0,DOS
1545580553.68598,143.229.26.20,8,192.168.0.102,0,icmp,0,0,0,OTH,1,28,0,0,DOS
1545580554.86898,155.111.87.37,8,192.168.0.102,0,icmp,0,0,0,OTH,1,28,0,0,DOS
1545580553.71242,72.71.139.216,8,192.168.0.102,0,icmp,0,0,0,OTH,1,28,0,0,DOS
1545580554.47473,219.126.140.252,8,192.168.0.102,0,icmp,0,0,0,OTH,1,28,0,0,DOS
1545580555.23501,19.87.27.97,8,192.168.0.102,0,icmp,0,0,0,OTH,1,28,0,0,DOS
1545580553.69269,117.52.140.139,8,192.168.0.102,0,icmp,0,0,0,OTH,1,28,0,0,DOS
1545580555.78933,210.31.80.241,8,192.168.0.102,0,icmp,0,0,0,OTH,1,28,0,0,DOS
1545580554.97257,50.252.188.145,8,192.168.0.102,0,icmp,0,0,0,OTH,1,28,0,0,DOS
1545580553.79826,35.132.58.51,8,192.168.0.102,0,icmp,0,0,0,OTH,1,28,0,0,DOS
1545580553.76696,37.238.60.209,8,192.168.0.102,0,icmp,0,0,0,OTH,1,28,0,0,DOS
1545580554.77649,51.14.136.197,8,192.168.0.102,0,icmp,0,0,0,OTH,1,28,0,0,DOS
1545580554.2632,102.27.43.194,8,192.168.0.102,0,icmp,0,0,0,OTH,1,28,0,0,DOS
1545580555.44377,10.17.59.91,8,192.168.0.102,0,icmp,0,0,0,OTH,1,28,0,0,DOS
1545580554.80351,10.186.53.164,8,192.168.0.102,0,icmp,0,0,0,OTH,1,28,0,0,DOS
1545580554.72373,41.68.164.17,8,192.168.0.102,0,icmp,0,0,0,OTH,1,28,0,0,DOS
1545580555.44443,15.113.117.188,8,192.168.0.102,0,icmp,0,0,0,OTH,1,28,0,0,DOS
1545580554.52594,166.50.245.195,8,192.168.0.102,0,icmp,0,0,0,OTH,1,28,0,0,DOS
1545580555.49315,226.19.71.26,8,192.168.0.102,0,icmp,0,0,0,OTH,1,28,0,0,DOS
1545580554.63017,109.51.152.58,8,192.168.0.102,0,icmp,0,0,0,OTH,1,28,0,0,DOS
1545580554.92595,86.245.102.170,8,192.168.0.102,0,icmp,0,0,0,OTH,1,28,0,0,DOS
1545580554.96496,109.67.184.27,8,192.168.0.102,0,icmp,0,0,0,OTH,1,28,0,0,DOS
1545580554.10545,27.153.130.202,8,192.168.0.102,0,icmp,0,0,0,OTH,1,28,0,0,DOS
1545580555.41408,109.86.37.251,8,192.168.0.102,0,icmp,0,0,0,OTH,1,28,0,0,DOS
1545580553.79118,132.71.117.136,8,192.168.0.102,0,icmp,0,0,0,OTH,1,28,0,0,DOS
1545580554.68561,37.106.125.192,8,192.168.0.102,0,icmp,0,0,0,OTH,1,28,0,0,DOS
1545580553.90469,139.22.86.115,8,192.168.0.102,0,icmp,0,0,0,OTH,1,28,0,0,DOS
1545580555.03915,236.6.153.106,8,192.168.0.102,0,icmp,0,0,0,OTH,1,28,0,0,DOS
1545580555.12731,22.103.67.185,8,192.168.0.102,0,icmp,0,0,0,OTH,1,28,0,0,DOS
1545580554.46031,255.162.102.12,8,192.168.0.102,0,icmp,0,0,0,OTH,1,28,0,0,DOS
1545580554.05212,120.10.27.102,8,192.168.0.102,0,icmp,0,0,0,OTH,1,28,0,0,DOS
1545580554.32806,143.137.239.35,8,192.168.0.102,0,icmp,0,0,0,OTH,1,28,0,0,DOS
1545580553.72819,217.132.68.255,8,192.168.0.102,0,icmp,0,0,0,OTH,1,28,0,0,DOS
1545580553.97105,27.9.17.128,8,192.168.0.102,0,icmp,0,0,0,OTH,1,28,0,0,DOS
1545580555.50452,26.15.103.15,8,192.168.0.102,0,icmp,0,0,0,OTH,1,28,0,0,DOS
1545580555.12746,69.12.61.108,8,192.168.0.102,0,icmp,0,0,0,OTH,1,28,0,0,DOS
1545580554.44417,18.7.128.68,8,192.168.0.102,0,icmp,0,0,0,OTH,1,28,0,0,DOS
1545580554.44659,137.100.238.152,8,192.168.0.102,0,icmp,0,0,0,OTH,1,28,0,0,DOS
1545580555.48444,26.58.108.35,8,192.168.0.102,0,icmp,0,0,0,OTH,1,28,0,0,DOS
1545580554.74741,66.53.43.71,8,192.168.0.102,0,icmp,0,0,0,OTH,1,28,0,0,DOS
1545580555.47348,41.27.170.209,8,192.168.0.102,0,icmp,0,0,0,OTH,1,28,0,0,DOS
1545580553.67271,117.50.10.71,8,192.168.0.102,0,icmp,0,0,0,OTH,1,28,0,0,DOS
1545580553.91913,151.153.167.251,8,192.168.0.102,0,icmp,0,0,0,OTH,1,28,0,0,DOS
1545580554.11242,137.221.41.120,8,192.168.0.102,0,icmp,0,0,0,OTH,1,28,0,0,DOS
1545580554.64748,130.165.61.92,8,192.168.0.102,0,icmp,0,0,0,OTH,1,28,0,0,DOS
1545580554.135,24.164.109.24,8,192.168.0.102,0,icmp,0,0,0,OTH,1,28,0,0,DOS
1545580555.57072,115.24.252.107,8,192.168.0.102,0,icmp,0,0,0,OTH,1,28,0,0,DOS
1545580555.28974,153.61.158.170,8,192.168.0.102,0,icmp,0,0,0,OTH,1,28,0,0,DOS
1545580553.65376,82.210.102.128,8,192.168.0.102,0,icmp,0,0,0,OTH,1,28,0,0,DOS
1545580554.81553,47.115.53.179,8,192.168.0.102,0,icmp,0,0,0,OTH,1,28,0,0,DOS
1545580553.81397,20.180.46.22,8,192.168.0.102,0,icmp,0,0,0,OTH,1,28,0,0,DOS
1545580554.85307,87.27.6.236,8,192.168.0.102,0,icmp,0,0,0,OTH,1,28,0,0,DOS
1545580554.24842,128.145.83.149,8,192.168.0.102,0,icmp,0,0,0,OTH,1,28,0,0,DOS
1545580554.54037,68.216.108.55,8,192.168.0.102,0,icmp,0,0,0,OTH,1,28,0,0,DOS
1545580555.80175,139.192.136.216,8,192.168.0.102,0,icmp,0,0,0,OTH,1,28,0,0,DOS
1545580554.3474,66.16.170.107,8,192.168.0.102,0,icmp,0,0,0,OTH,1,28,0,0,DOS
1545580553.65201,108.137.170.166,8,192.168.0.102,0,icmp,0,0,0,OTH,1,28,0,0,DOS
1545580554.21422,149.102.255.166,8,192.168.0.102,0,icmp,0,0,0,OTH,1,28,0,0,DOS
1545580554.59075,251.24.41.32,8,192.168.0.102,0,icmp,0,0,0,OTH,1,28,0,0,DOS
1545580554.25717,156.115.12.109,8,192.168.0.102,0,icmp,0,0,0,OTH,1,28,0,0,DOS
1545580555.22438,190.98.10.176,8,192.168.0.102,0,icmp,0,0,0,OTH,1,28,0,0,DOS
1545580554.47026,156.108.15.62,8,192.168.0.102,0,icmp,0,0,0,OTH,1,28,0,0,DOS
1545580554.83003,137.172.45.154,8,192.168.0.102,0,icmp,0,0,0,OTH,1,28,0,0,DOS
1545580553.94754,6.37.219.134,8,192.168.0.102,0,icmp,0,0,0,OTH,1,28,0,0,DOS
1545580554.92277,31.143.192.194,8,192.168.0.102,0,icmp,0,0,0,OTH,1,28,0,0,DOS
1545580555.80048,214.158.99.145,8,192.168.0.102,0,icmp,0,0,0,OTH,1,28,0,0,DOS
1545580555.55628,223.14.194.165,8,192.168.0.102,0,icmp,0,0,0,OTH,1,28,0,0,DOS
1545580553.76341,170.97.125.197,8,192.168.0.102,0,icmp,0,0,0,OTH,1,28,0,0,DOS
1545580554.34725,219.158.192.72,8,192.168.0.102,0,icmp,0,0,0,OTH,1,28,0,0,DOS
1545580554.9859,165.115.195.229,8,192.168.0.102,0,icmp,0,0,0,OTH,1,28,0,0,DOS
1545580555.31246,157.14.66.71,8,192.168.0.102,0,icmp,0,0,0,OTH,1,28,0,0,DOS
1545580554.81536,24.126.134.108,8,192.168.0.102,0,icmp,0,0,0,OTH,1,28,0,0,DOS
1545580554.4671,51.195.120.128,8,192.168.0.102,0,icmp,0,0,0,OTH,1,28,0,0,DOS
1545580553.60701,10.224.153.194,8,192.168.0.102,0,icmp,0,0,0,OTH,1,28,0,0,DOS
1545580555.78446,155.62.100.109,8,192.168.0.102,0,icmp,0,0,0,OTH,1,28,0,0,DOS
1545580554.66506,156.153.66.105,8,192.168.0.102,0,icmp,0,0,0,OTH,1,28,0,0,DOS
1545580554.86178,37.186.51.185,8,192.168.0.102,0,icmp,0,0,0,OTH,1,28,0,0,DOS
1545580553.73063,202.128.153.102,8,192.168.0.102,0,icmp,0,0,0,OTH,1,28,0,0,DOS
1545580553.84079,41.59.157.55,8,192.168.0.102,0,icmp,0,0,0,OTH,1,28,0,0,DOS
1545580554.32288,120.130.158.164,8,192.168.0.102,0,icmp,0,0,0,OTH,1,28,0,0,DOS
1545580554.51579,165.241.39.79,8,192.168.0.102,0,icmp,0,0,0,OTH,1,28,0,0,DOS
1545580555.80257,99.102.34.224,8,192.168.0.102,0,icmp,0,0,0,OTH,1,28,0,0,DOS
1545580554.2627,220.162.102.137,8,192.168.0.102,0,icmp,0,0,0,OTH,1,28,0,0,DOS
1545580554.52951,86.229.153.136,8,192.168.0.102,0,icmp,0,0,0,OTH,1,28,0,0,DOS
1545580554.14382,156.139.69.224,8,192.168.0.102,0,icmp,0,0,0,OTH,1,28,0,0,DOS
1545580554.34721,255.36.197.239,8,192.168.0.102,0,icmp,0,0,0,OTH,1,28,0,0,DOS
1545580553.9398,51.9.39.39,8,192.168.0.102,0,icmp,0,0,0,OTH,1,28,0,0,DOS
1545580554.32289,80.140.139.17,8,192.168.0.102,0,icmp,0,0,0,OTH,1,28,0,0,DOS
1545580554.54233,170.174.45.55,8,192.168.0.102,0,icmp,0,0,0,OTH,1,28,0,0,DOS
1545580555.44478,125.40.139.179,8,192.168.0.102,0,icmp,0,0,0,OTH,1,28,0,0,DOS
1545580553.93865,106.202.220.252,8,192.168.0.102,0,icmp,0,0,0,OTH,1,28,0,0,DOS
1545580554.24988,83.32.32.8,8,192.168.0.102,0,icmp,0,0,0,OTH,1,28,0,0,DOS
1545580554.48186,43.9.238.115,8,192.168.0.102,0,icmp,0,0,0,OTH,1,28,0,0,DOS
1545580554.46173,210.143.184.41,8,192.168.0.102,0,icmp,0,0,0,OTH,1,28,0,0,DOS
1545580555.16916,221.33.9.176,8,192.168.0.102,0,icmp,0,0,0,OTH,1,28,0,0,DOS
1545580553.7989,170.36.134.60,8,192.168.0.102,0,icmp,0,0,0,OTH,1,28,0,0,DOS
1545580553.84136,53.24.149.180,8,192.168.0.102,0,icmp,0,0,0,OTH,1,28,0,0,DOS
1545580554.92172,176.66.109.43,8,192.168.0.102,0,icmp,0,0,0,OTH,1,28,0,0,DOS
1545580554.6198,24.217.170.43,8,192.168.0.102,0,icmp,0,0,0,OTH,1,28,0,0,DOS
1545580554.46925,120.82.239.139,8,192.168.0.102,0,icmp,0,0,0,OTH,1,28,0,0,DOS
1545580554.32041,226.195.58.115,8,192.168.0.102,0,icmp,0,0,0,OTH,1,28,0,0,DOS
1545580555.41368,128.168.153.61,8,192.168.0.102,0,icmp,0,0,0,OTH,1,28,0,0,DOS
1545580554.01676,143.41.63.170,8,192.168.0.102,0,icmp,0,0,0,OTH,1,28,0,0,DOS
1545580554.00939,149.120.66.150,8,192.168.0.102,0,icmp,0,0,0,OTH,1,28,0,0,DOS
1545580553.60697,51.58.125.111,8,192.168.0.102,0,icmp,0,0,0,OTH,1,28,0,0,DOS
1545580554.9256,128.68.229.184,8,192.168.0.102,0,icmp,0,0,0,OTH,1,28,0,0,DOS
1545580554.33967,41.102.42.31,8,192.168.0.102,0,icmp,0,0,0,OTH,1,28,0,0,DOS
1545580553.8156,130.6.68.202,8,192.168.0.102,0,icmp,0,0,0,OTH,1,28,0,0,DOS
1545580555.09678,241.87.192.156,8,192.168.0.102,0,icmp,0,0,0,OTH,1,28,0,0,DOS
1545580554.87489,76.51.180.152,8,192.168.0.102,0,icmp,0,0,0,OTH,1,28,0,0,DOS
1545580553.67214,45.55.156.68,8,192.168.0.102,0,icmp,0,0,0,OTH,1,28,0,0,DOS
1545580555.57068,153.61.152.68,8,192.168.0.102,0,icmp,0,0,0,OTH,1,28,0,0,DOS
1545580555.24879,252.170.29.7,8,192.168.0.102,0,icmp,0,0,0,OTH,1,28,0,0,DOS
1545580554.61068,192.20.133.83,8,192.168.0.102,0,icmp,0,0,0,OTH,1,28,0,0,DOS
1545580555.18835,71.245.116.195,8,192.168.0.102,0,icmp,0,0,0,OTH,1,28,0,0,DOS
1545580554.2415,71.218.16.111,8,192.168.0.102,0,icmp,0,0,0,OTH,1,28,0,0,DOS
1545580555.17867,15.180.53.14,8,192.168.0.102,0,icmp,0,0,0,OTH,1,28,0,0,DOS
1545580553.73117,184.180.25.43,8,192.168.0.102,0,icmp,0,0,0,OTH,1,28,0,0,DOS
1545580554.00186,164.145.51.22,8,192.168.0.102,0,icmp,0,0,0,OTH,1,28,0,0,DOS
1545580554.8385,6.212.52.133,8,192.168.0.102,0,icmp,0,0,0,OTH,1,28,0,0,DOS
1545580555.43496,126.251.106.184,8,192.168.0.102,0,icmp,0,0,0,OTH,1,28,0,0,DOS
1545580555.63868,133.31.83.29,8,192.168.0.102,0,icmp,0,0,0,OTH,1,28,0,0,DOS
1545580553.79764,15.47.35.229,8,192.168.0.102,0,icmp,0,0,0,OTH,1,28,0,0,DOS
1545580554.46599,106.51.15.217,8,192.168.0.102,0,icmp,0,0,0,OTH,1,28,0,0,DOS
1545580554.34749,69.197.105.149,8,192.168.0.102,0,icmp,0,0,0,OTH,1,28,0,0,DOS
1545580554.67157,140.224.112.170,8,192.168.0.102,0,icmp,0,0,0,OTH,1,28,0,0,DOS
1545580555.5296,109.139.50.220,8,192.168.0.102,0,icmp,0,0,0,OTH,1,28,0,0,DOS
1545580554.60982,80.82.41.193,8,192.168.0.102,0,icmp,0,0,0,OTH,1,28,0,0,DOS
1545580554.57134,109.219.87.116,8,192.168.0.102,0,icmp,0,0,0,OTH,1,28,0,0,DOS
1545580553.70013,7.133.19.139,8,192.168.0.102,0,icmp,0,0,0,OTH,1,28,0,0,DOS
1545580553.80091,145.184.121.108,8,192.168.0.102,0,icmp,0,0,0,OTH,1,28,0,0,DOS
1545580553.7117,113.112.205.98,8,192.168.0.102,0,icmp,0,0,0,OTH,1,28,0,0,DOS
1545580554.65629,145.35.186.133,8,192.168.0.102,0,icmp,0,0,0,OTH,1,28,0,0,DOS
1545580554.93873,80.83.209.73,8,192.168.0.102,0,icmp,0,0,0,OTH,1,28,0,0,DOS
1545580555.60011,45.174.139.202,8,192.168.0.102,0,icmp,0,0,0,OTH,1,28,0,0,DOS
1545580553.65969,33.57.245.40,8,192.168.0.102,0,icmp,0,0,0,OTH,1,28,0,0,DOS
1545580555.19953,165.224.16.139,8,192.168.0.102,0,icmp,0,0,0,OTH,1,28,0,0,DOS
1545580554.05457,139.77.6.97,8,192.168.0.102,0,icmp,0,0,0,OTH,1,28,0,0,DOS
1545580553.73674,193.176.41.195,8,192.168.0.102,0,icmp,0,0,0,OTH,1,28,0,0,DOS
1545580554.87095,18.255.120.186,8,192.168.0.102,0,icmp,0,0,0,OTH,1,28,0,0,DOS
1545580554.51198,115.197.46.9,8,192.168.0.102,0,icmp,0,0,0,OTH,1,28,0,0,DOS
1545580554.92183,120.210.15.109,8,192.168.0.102,0,icmp,0,0,0,OTH,1,28,0,0,DOS
1545580553.93092,72.180.236.42,8,192.168.0.102,0,icmp,0,0,0,OTH,1,28,0,0,DOS
1545580553.85172,109.172.145.25,8,192.168.0.102,0,icmp,0,0,0,OTH,1,28,0,0,DOS
1545580553.80478,102.53.115.239,8,192.168.0.102,0,icmp,0,0,0,OTH,1,28,0,0,DOS
1545580553.66617,116.88.111.102,8,192.168.0.102,0,icmp,0,0,0,OTH,1,28,0,0,DOS
1545580554.72355,133.245.115.7,8,192.168.0.102,0,icmp,0,0,0,OTH,1,28,0,0,DOS
1545580555.60024,9.131.61.27,8,192.168.0.102,0,icmp,0,0,0,OTH,1,28,0,0,DOS
1545580554.17294,172.51.68.99,8,192.168.0.102,0,icmp,0,0,0,OTH,1,28,0,0,DOS
1545580555.16093,18.10.154.25,8,192.168.0.102,0,icmp,0,0,0,OTH,1,28,0,0,DOS
1545580553.89588,71.216.79.106,8,192.168.0.102,0,icmp,0,0,0,OTH,1,28,0,0,DOS
1545580553.95261,113.72.99.230,8,192.168.0.102,0,icmp,0,0,0,OTH,1,28,0,0,DOS
1545580555.12807,239.158.221.193,8,192.168.0.102,0,icmp,0,0,0,OTH,1,28,0,0,DOS
1545580554.65078,149.107.24.170,8,192.168.0.102,0,icmp,0,0,0,OTH,1,28,0,0,DOS
1545580554.7814,68.108.71.252,8,192.168.0.102,0,icmp,0,0,0,OTH,1,28,0,0,DOS
1545580555.09705,158.24.25.31,8,192.168.0.102,0,icmp,0,0,0,OTH,1,28,0,0,DOS
1545580553.81466,131.86.139.150,8,192.168.0.102,0,icmp,0,0,0,OTH,1,28,0,0,DOS
1545580555.17027,164.155.24.108,8,192.168.0.102,0,icmp,0,0,0,OTH,1,28,0,0,DOS
1545580555.50552,72.149.63.6,8,192.168.0.102,0,icmp,0,0,0,OTH,1,28,0,0,DOS
1545580555.26051,202.188.223.24,8,192.168.0.102,0,icmp,0,0,0,OTH,1,28,0,0,DOS
1545580554.47914,120.134.115.156,8,192.168.0.102,0,icmp,0,0,0,OTH,1,28,0,0,DOS
1545580553.70762,130.230.58.210,8,192.168.0.102,0,icmp,0,0,0,OTH,1,28,0,0,DOS
1545580555.57004,22.239.131.77,8,192.168.0.102,0,icmp,0,0,0,OTH,1,28,0,0,DOS
1545580553.6525,36.176.41.26,8,192.168.0.102,0,icmp,0,0,0,OTH,1,28,0,0,DOS
1545580555.41437,12.210.45.165,8,192.168.0.102,0,icmp,0,0,0,OTH,1,28,0,0,DOS
1545580553.79888,140.43.149.26,8,192.168.0.102,0,icmp,0,0,0,OTH,1,28,0,0,DOS
1545580553.6908,10.165.217.105,8,192.168.0.102,0,icmp,0,0,0,OTH,1,28,0,0,DOS
1545580554.55145,197.77.45.115,8,192.168.0.102,0,icmp,0,0,0,OTH,1,28,0,0,DOS
1545580554.90266,128.180.252.158,8,192.168.0.102,0,icmp,0,0,0,OTH,1,28,0,0,DOS
1545580554.56541,63.199.100.193,8,192.168.0.102,0,icmp,0,0,0,OTH,1,28,0,0,DOS
1545580553.9711,153.97.103.68,8,192.168.0.102,0,icmp,0,0,0,OTH,1,28,0,0,DOS
1545580554.69443,22.108.43.224,8,192.168.0.102,0,icmp,0,0,0,OTH,1,28,0,0,DOS
1545580554.77486,7.27.31.111,8,192.168.0.102,0,icmp,0,0,0,OTH,1,28,0,0,DOS
1545580554.6804,176.221.66.80,8,192.168.0.102,0,icmp,0,0,0,OTH,1,28,0,0,DOS
1545580555.59952,68.76.20.205,8,192.168.0.102,0,icmp,0,0,0,OTH,1,28,0,0,DOS
1545580554.96502,193.180.155.102,8,192.168.0.102,0,icmp,0,0,0,OTH,1,28,0,0,DOS
1545580555.48477,109.158.120.158,8,192.168.0.102,0,icmp,0,0,0,OTH,1,28,0,0,DOS
1545580554.79285,71.39.186.91,8,192.168.0.102,0,icmp,0,0,0,OTH,1,28,0,0,DOS
1545580553.6519,178.83.9.10,8,192.168.0.102,0,icmp,0,0,0,OTH,1,28,0,0,DOS
1545580554.07864,6.121.115.137,8,192.168.0.102,0,icmp,0,0,0,OTH,1,28,0,0,DOS
1545580554.52881,109.29.83.132,8,192.168.0.102,0,icmp,0,0,0,OTH,1,28,0,0,DOS
1545580554.89634,52.57.197.71,8,192.168.0.102,0,icmp,0,0,0,OTH,1,28,0,0,DOS
1545580554.6288,139.116.217.10,8,192.168.0.102,0,icmp,0,0,0,OTH,1,28,0,0,DOS
1545580554.27754,133.245.165.43,8,192.168.0.102,0,icmp,0,0,0,OTH,1,28,0,0,DOS
1545580554.78274,190.205.88.117,8,192.168.0.102,0,icmp,0,0,0,OTH,1,28,0,0,DOS
1545580555.11897,131.230.115.137,8,192.168.0.102,0,icmp,0,0,0,OTH,1,28,0,0,DOS
1545580554.56622,128.156.51.109,8,192.168.0.102,0,icmp,0,0,0,OTH,1,28,0,0,DOS
1545580555.57292,229.115.103.26,8,192.168.0.102,0,icmp,0,0,0,OTH,1,28,0,0,DOS
1545580553.65273,71.41.16.83,8,192.168.0.102,0,icmp,0,0,0,OTH,1,28,0,0,DOS
1545580553.80481,164.229.26.71,8,192.168.0.102,0,icmp,0,0,0,OTH,1,28,0,0,DOS
1545580554.45187,41.31.149.139,8,192.168.0.102,0,icmp,0,0,0,OTH,1,28,0,0,DOS
1545580554.71761,115.120.186.45,8,192.168.0.102,0,icmp,0,0,0,OTH,1,28,0,0,DOS
1545580554.90025,73.138.128.106,8,192.168.0.102,0,icmp,0,0,0,OTH,1,28,0,0,DOS
1545580555.5701,205.68.6.205,8,192.168.0.102,0,icmp,0,0,0,OTH,1,28,0,0,DOS
1545580555.26835,136.8.116.73,8,192.168.0.102,0,icmp,0,0,0,OTH,1,28,0,0,DOS
1545580555.06253,170.102.143.43,8,192.168.0.102,0,icmp,0,0,0,OTH,1,28,0,0,DOS
1545580554.43931,170.194.170.98,8,192.168.0.102,0,icmp,0,0,0,OTH,1,28,0,0,DOS
1545580554.552,99.71.43.109,8,192.168.0.102,0,icmp,0,0,0,OTH,1,28,0,0,DOS
1545580553.68598,143.229.26.20,8,192.168.0.102,0,icmp,0,0,0,OTH,1,28,0,0,DOS
1545580554.86898,155.111.87.37,8,192.168.0.102,0,icmp,0,0,0,OTH,1,28,0,0,DOS
1545580553.71242,72.71.139.216,8,192.168.0.102,0,icmp,0,0,0,OTH,1,28,0,0,DOS
1545580554.47473,219.126.140.252,8,192.168.0.102,0,icmp,0,0,0,OTH,1,28,0,0,DOS
1545580555.23501,19.87.27.97,8,192.168.0.102,0,icmp,0,0,0,OTH,1,28,0,0,DOS
1545580553.69269,117.52.140.139,8,192.168.0.102,0,icmp,0,0,0,OTH,1,28,0,0,DOS
1545580555.78933,210.31.80.241,8,192.168.0.102,0,icmp,0,0,0,OTH,1,28,0,0,DOS
1545580554.97257,50.252.188.145,8,192.168.0.102,0,icmp,0,0,0,OTH,1,28,0,0,DOS
1545580553.79826,35.132.58.51,8,192.168.0.102,0,icmp,0,0,0,OTH,1,28,0,0,DOS
1545580553.76696,37.238.60.209,8,192.168.0.102,0,icmp,0,0,0,OTH,1,28,0,0,DOS
1545580554.77649,51.14.136.197,8,192.168.0.102,0,icmp,0,0,0,OTH,1,28,0,0,DOS
1545580554.2632,102.27.43.194,8,192.168.0.102,0,icmp,0,0,0,OTH,1,28,0,0,DOS
1545580555.44377,10.17.59.91,8,192.168.0.102,0,icmp,0,0,0,OTH,1,28,0,0,DOS
1545580554.80351,10.186.53.164,8,192.168.0.102,0,icmp,0,0,0,OTH,1,28,0,0,DOS
1545580554.72373,41.68.164.17,8,192.168.0.102,0,icmp,0,0,0,OTH,1,28,0,0,DOS
1545580555.44443,15.113.117.188,8,192.168.0.102,0,icmp,0,0,0,OTH,1,28,0,0,DOS
1545580554.52594,166.50.245.195,8,192.168.0.102,0,icmp,0,0,0,OTH,1,28,0,0,DOS
1545580555.49315,226.19.71.26,8,192.168.0.102,0,icmp,0,0,0,OTH,1,28,0,0,DOS
1545580554.63017,109.51.152.58,8,192.168.0.102,0,icmp,0,0,0,OTH,1,28,0,0,DOS
1545580554.92595,86.245.102.170,8,192.168.0.102,0,icmp,0,0,0,OTH,1,28,0,0,DOS
1545580554.96496,109.67.184.27,8,192.168.0.102,0,icmp,0,0,0,OTH,1,28,0,0,DOS
1545580554.10545,27.153.130.202,8,192.168.0.102,0,icmp,0,0,0,OTH,1,28,0,0,DOS
1545580555.41408,109.86.37.251,8,192.168.0.102,0,icmp,0,0,0,OTH,1,28,0,0,DOS
1545580553.79118,132.71.117.136,8,192.168.0.102,0,icmp,0,0,0,OTH,1,28,0,0,DOS
1545580554.68561,37.106.125.192,8,192.168.0.102,0,icmp,0,0,0,OTH,1,28,0,0,DOS
1545580553.90469,139.22.86.115,8,192.168.0.102,0,icmp,0,0,0,OTH,1,28,0,0,DOS
1545580555.03915,236.6.153.106,8,192.168.0.102,0,icmp,0,0,0,OTH,1,28,0,0,DOS
1545580555.12731,22.103.67.185,8,192.168.0.102,0,icmp,0,0,0,OTH,1,28,0,0,DOS
1545580554.46031,255.162.102.12,8,192.168.0.102,0,icmp,0,0,0,OTH,1,28,0,0,DOS
1545580554.05212,120.10.27.102,8,192.168.0.102,0,icmp,0,0,0,OTH,1,28,0,0,DOS
1545580554.32806,143.137.239.35,8,192.168.0.102,0,icmp,0,0,0,OTH,1,28,0,0,DOS
1545580553.72819,217.132.68.255,8,192.168.0.102,0,icmp,0,0,0,OTH,1,28,0,0,DOS
1545580553.97105,27.9.17.128,8,192.168.0.102,0,icmp,0,0,0,OTH,1,28,0,0,DOS
1545580555.50452,26.15.103.15,8,192.168.0.102,0,icmp,0,0,0,OTH,1,28,0,0,DOS
1545580555.12746,69.12.61.108,8,192.168.0.102,0,icmp,0,0,0,OTH,1,28,0,0,DOS
1545580554.44417,18.7.128.68,8,192.168.0.102,0,icmp,0,0,0,OTH,1,28,0,0,DOS
1545580554.44659,137.100.238.152,8,192.168.0.102,0,icmp,0,0,0,OTH,1,28,0,0,DOS
1545580555.48444,26.58.108.35,8,192.168.0.102,0,icmp,0,0,0,OTH,1,28,0,0,DOS
1545580554.74741,66.53.43.71,8,192.168.0.102,0,icmp,0,0,0,OTH,1,28,0,0,DOS
1545580555.47348,41.27.170.209,8,192.168.0.102,0,icmp,0,0,0,OTH,1,28,0,0,DOS
1545580553.67271,117.50.10.71,8,192.168.0.102,0,icmp,0,0,0,OTH,1,28,0,0,DOS
1545580553.91913,151.153.167.251,8,192.168.0.102,0,icmp,0,0,0,OTH,1,28,0,0,DOS
1545580554.11242,137.221.41.120,8,192.168.0.102,0,icmp,0,0,0,OTH,1,28,0,0,DOS
1545580554.64748,130.165.61.92,8,192.168.0.102,0,icmp,0,0,0,OTH,1,28,0,0,DOS
1545580554.135,24.164.109.24,8,192.168.0.102,0,icmp,0,0,0,OTH,1,28,0,0,DOS
1545580555.57072,115.24.252.107,8,192.168.0.102,0,icmp,0,0,0,OTH,1,28,0,0,DOS
1545580555.28974,153.61.158.170,8,192.168.0.102,0,icmp,0,0,0,OTH,1,28,0,0,DOS
1545580553.65376,82.210.102.128,8,192.168.0.102,0,icmp,0,0,0,OTH,1,28,0,0,DOS
1545580554.81553,47.115.53.179,8,192.168.0.102,0,icmp,0,0,0,OTH,1,28,0,0,DOS
1545580553.81397,20.180.46.22,8,192.168.0.102,0,icmp,0,0,0,OTH,1,28,0,0,DOS
1545580554.85307,87.27.6.236,8,192.168.0.102,0,icmp,0,0,0,OTH,1,28,0,0,DOS
1545580554.24842,128.145.83.149,8,192.168.0.102,0,icmp,0,0,0,OTH,1,28,0,0,DOS
1545580554.54037,68.216.108.55,8,192.168.0.102,0,icmp,0,0,0,OTH,1,28,0,0,DOS
1545580555.80175,139.192.136.216,8,192.168.0.102,0,icmp,0,0,0,OTH,1,28,0,0,DOS
1545580554.3474,66.16.170.107,8,192.168.0.102,0,icmp,0,0,0,OTH,1,28,0,0,DOS
1545580553.65201,108.137.170.166,8,192.168.0.102,0,icmp,0,0,0,OTH,1,28,0,0,DOS
1545580554.21422,149.102.255.166,8,192.168.0.102,0,icmp,0,0,0,OTH,1,28,0,0,DOS
1545580554.59075,251.24.41.32,8,192.168.0.102,0,icmp,0,0,0,OTH,1,28,0,0,DOS
1545580554.25717,156.115.12.109,8,192.168.0.102,0,icmp,0,0,0,OTH,1,28,0,0,DOS
1545580555.22438,190.98.10.176,8,192.168.0.102,0,icmp,0,0,0,OTH,1,28,0,0,DOS
1545580554.47026,156.108.15.62,8,192.168.0.102,0,icmp,0,0,0,OTH,1,28,0,0,DOS
1545580554.83003,137.172.45.154,8,192.168.0.102,0,icmp,0,0,0,OTH,1,28,0,0,DOS
1545580553.94754,6.37.219.134,8,192.168.0.102,0,icmp,0,0,0,OTH,1,28,0,0,DOS
1545580554.92277,31.143.192.194,8,192.168.0.102,0,icmp,0,0,0,OTH,1,28,0,0,DOS
1545580555.80048,214.158.99.145,8,192.168.0.102,0,icmp,0,0,0,OTH,1,28,0,0,DOS
1545580555.55628,223.14.194.165,8,192.168.0.102,0,icmp,0,0,0,OTH,1,28,0,0,DOS
1545580553.76341,170.97.125.197,8,192.168.0.102,0,icmp,0,0,0,OTH,1,28,0,0,DOS
1545580554.34725,219.158.192.72,8,192.168.0.102,0,icmp,0,0,0,OTH,1,28,0,0,DOS
1545580554.9859,165.115.195.229,8,192.168.0.102,0,icmp,0,0,0,OTH,1,28,0,0,DOS
1545580555.31246,157.14.66.71,8,192.168.0.102,0,icmp,0,0,0,OTH,1,28,0,0,DOS
1545580554.81536,24.126.134.108,8,192.168.0.102,0,icmp,0,0,0,OTH,1,28,0,0,DOS
1545580554.4671,51.195.120.128,8,192.168.0.102,0,icmp,0,0,0,OTH,1,28,0,0,DOS
1545580553.60701,10.224.153.194,8,192.168.0.102,0,icmp,0,0,0,OTH,1,28,0,0,DOS
1545580555.78446,155.62.100.109,8,192.168.0.102,0,icmp,0,0,0,OTH,1,28,0,0,DOS
1545580554.66506,156.153.66.105,8,192.168.0.102,0,icmp,0,0,0,OTH,1,28,0,0,DOS
1545580554.86178,37.186.51.185,8,192.168.0.102,0,icmp,0,0,0,OTH,1,28,0,0,DOS
1545580553.73063,202.128.153.102,8,192.168.0.102,0,icmp,0,0,0,OTH,1,28,0,0,DOS
1545580553.84079,41.59.157.55,8,192.168.0.102,0,icmp,0,0,0,OTH,1,28,0,0,DOS
1545580554.32288,120.130.158.164,8,192.168.0.102,0,icmp,0,0,0,OTH,1,28,0,0,DOS
1545580554.51579,165.241.39.79,8,192.168.0.102,0,icmp,0,0,0,OTH,1,28,0,0,DOS
1545580555.80257,99.102.34.224,8,192.168.0.102,0,icmp,0,0,0,OTH,1,28,0,0,DOS
1545580554.2627,220.162.102.137,8,192.168.0.102,0,icmp,0,0,0,OTH,1,28,0,0,DOS
1545580554.52951,86.229.153.136,8,192.168.0.102,0,icmp,0,0,0,OTH,1,28,0,0,DOS
1545580554.14382,156.139.69.224,8,192.168.0.102,0,icmp,0,0,0,OTH,1,28,0,0,DOS
1545580554.34721,255.36.197.239,8,192.168.0.102,0,icmp,0,0,0,OTH,1,28,0,0,DOS
1545580553.9398,51.9.39.39,8,192.168.0.102,0,icmp,0,0,0,OTH,1,28,0,0,DOS
1545580554.32289,80.140.139.17,8,192.168.0.102,0,icmp,0,0,0,OTH,1,28,0,0,DOS
1545580554.54233,170.174.45.55,8,192.168.0.102,0,icmp,0,0,0,OTH,1,28,0,0,DOS
1545580555.44478,125.40.139.179,8,192.168.0.102,0,icmp,0,0,0,OTH,1,28,0,0,DOS
1545580553.93865,106.202.220.252,8,192.168.0.102,0,icmp,0,0,0,OTH,1,28,0,0,DOS
1545580554.24988,83.32.32.8,8,192.168.0.102,0,icmp,0,0,0,OTH,1,28,0,0,DOS
1545580554.48186,43.9.238.115,8,192.168.0.102,0,icmp,0,0,0,OTH,1,28,0,0,DOS
1545580554.46173,210.143.184.41,8,192.168.0.102,0,icmp,0,0,0,OTH,1,28,0,0,DOS
1545580555.16916,221.33.9.176,8,192.168.0.102,0,icmp,0,0,0,OTH,1,28,0,0,DOS
1545580553.7989,170.36.134.60,8,192.168.0.102,0,icmp,0,0,0,OTH,1,28,0,0,DOS
1545580553.84136,53.24.149.180,8,192.168.0.102,0,icmp,0,0,0,OTH,1,28,0,0,DOS
1545580554.92172,176.66.109.43,8,192.168.0.102,0,icmp,0,0,0,OTH,1,28,0,0,DOS
1545580554.6198,24.217.170.43,8,192.168.0.102,0,icmp,0,0,0,OTH,1,28,0,0,DOS
1545580554.46925,120.82.239.139,8,192.168.0.102,0,icmp,0,0,0,OTH,1,28,0,0,DOS
1545580554.32041,226.195.58.115,8,192.168.0.102,0,icmp,0,0,0,OTH,1,28,0,0,DOS
1545580555.41368,128.168.153.61,8,192.168.0.102,0,icmp,0,0,0,OTH,1,28,0,0,DOS
1545580554.01676,143.41.63.170,8,192.168.0.102,0,icmp,0,0,0,OTH,1,28,0,0,DOS
1545580554.00939,149.120.66.150,8,192.168.0.102,0,icmp,0,0,0,OTH,1,28,0,0,DOS
1545580553.60697,51.58.125.111,8,192.168.0.102,0,icmp,0,0,0,OTH,1,28,0,0,DOS
1545580554.9256,128.68.229.184,8,192.168.0.102,0,icmp,0,0,0,OTH,1,28,0,0,DOS
1545580554.33967,41.102.42.31,8,192.168.0.102,0,icmp,0,0,0,OTH,1,28,0,0,DOS
1545580553.8156,130.6.68.202,8,192.168.0.102,0,icmp,0,0,0,OTH,1,28,0,0,DOS
1545580555.09678,241.87.192.156,8,192.168.0.102,0,icmp,0,0,0,OTH,1,28,0,0,DOS
1545580554.87489,76.51.180.152,8,192.168.0.102,0,icmp,0,0,0,OTH,1,28,0,0,DOS
1545580553.67214,45.55.156.68,8,192.168.0.102,0,icmp,0,0,0,OTH,1,28,0,0,DOS
1545580555.57068,153.61.152.68,8,192.168.0.102,0,icmp,0,0,0,OTH,1,28,0,0,DOS
1545580555.24879,252.170.29.7,8,192.168.0.102,0,icmp,0,0,0,OTH,1,28,0,0,DOS
1545580554.61068,192.20.133.83,8,192.168.0.102,0,icmp,0,0,0,OTH,1,28,0,0,DOS
1545580555.18835,71.245.116.195,8,192.168.0.102,0,icmp,0,0,0,OTH,1,28,0,0,DOS
1545580554.2415,71.218.16.111,8,192.168.0.102,0,icmp,0,0,0,OTH,1,28,0,0,DOS
1545580555.17867,15.180.53.14,8,192.168.0.102,0,icmp,0,0,0,OTH,1,28,0,0,DOS
1545580553.73117,184.180.25.43,8,192.168.0.102,0,icmp,0,0,0,OTH,1,28,0,0,DOS
1545580554.00186,164.145.51.22,8,192.168.0.102,0,icmp,0,0,0,OTH,1,28,0,0,DOS
1545580554.8385,6.212.52.133,8,192.168.0.102,0,icmp,0,0,0,OTH,1,28,0,0,DOS
1545580555.43496,126.251.106.184,8,192.168.0.102,0,icmp,0,0,0,OTH,1,28,0,0,DOS
1545580555.63868,133.31.83.29,8,192.168.0.102,0,icmp,0,0,0,OTH,1,28,0,0,DOS
1545580553.79764,15.47.35.229,8,192.168.0.102,0,icmp,0,0,0,OTH,1,28,0,0,DOS
1545580554.46599,106.51.15.217,8,192.168.0.102,0,icmp,0,0,0,OTH,1,28,0,0,DOS
1545580554.34749,69.197.105.149,8,192.168.0.102,0,icmp,0,0,0,OTH,1,28,0,0,DOS
1545580554.67157,140.224.112.170,8,192.168.0.102,0,icmp,0,0,0,OTH,1,28,0,0,DOS
1545580555.5296,109.139.50.220,8,192.168.0.102,0,icmp,0,0,0,OTH,1,28,0,0,DOS
1545580554.60982,80.82.41.193,8,192.168.0.102,0,icmp,0,0,0,OTH,1,28,0,0,DOS
1545580554.57134,109.219.87.116,8,192.168.0.102,0,icmp,0,0,0,OTH,1,28,0,0,DOS
1545580553.70013,7.133.19.139,8,192.168.0.102,0,icmp,0,0,0,OTH,1,28,0,0,DOS
1545580553.80091,145.184.121.108,8,192.168.0.102,0,icmp,0,0,0,OTH,1,28,0,0,DOS
1545580553.7117,113.112.205.98,8,192.168.0.102,0,icmp,0,0,0,OTH,1,28,0,0,DOS
1545580554.65629,145.35.186.133,8,192.168.0.102,0,icmp,0,0,0,OTH,1,28,0,0,DOS
1545580554.93873,80.83.209.73,8,192.168.0.102,0,icmp,0,0,0,OTH,1,28,0,0,DOS
1545580555.60011,45.174.139.202,8,192.168.0.102,0,icmp,0,0,0,OTH,1,28,0,0,DOS
1545580553.65969,33.57.245.40,8,192.168.0.102,0,icmp,0,0,0,OTH,1,28,0,0,DOS
1545580555.19953,165.224.16.139,8,192.168.0.102,0,icmp,0,0,0,OTH,1,28,0,0,DOS
1545580554.05457,139.77.6.97,8,192.168.0.102,0,icmp,0,0,0,OTH,1,28,0,0,DOS
1545580553.73674,193.176.41.195,8,192.168.0.102,0,icmp,0,0,0,OTH,1,28,0,0,DOS
1545580554.87095,18.255.120.186,8,192.168.0.102,0,icmp,0,0,0,OTH,1,28,0,0,DOS
1545580554.51198,115.197.46.9,8,192.168.0.102,0,icmp,0,0,0,OTH,1,28,0,0,DOS
1545580554.92183,120.210.15.109,8,192.168.0.102,0,icmp,0,0,0,OTH,1,28,0,0,DOS
1545580553.93092,72.180.236.42,8,192.168.0.102,0,icmp,0,0,0,OTH,1,28,0,0,DOS
1545580553.85172,109.172.145.25,8,192.168.0.102,0,icmp,0,0,0,OTH,1,28,0,0,DOS
1545580553.80478,102.53.115.239,8,192.168.0.102,0,icmp,0,0,0,OTH,1,28,0,0,DOS
1545580553.66617,116.88.111.102,8,192.168.0.102,0,icmp,0,0,0,OTH,1,28,0,0,DOS
1545580554.72355,133.245.115.7,8,192.168.0.102,0,icmp,0,0,0,OTH,1,28,0,0,DOS
1545580555.60024,9.131.61.27,8,192.168.0.102,0,icmp,0,0,0,OTH,1,28,0,0,DOS
1545580554.17294,172.51.68.99,8,192.168.0.102,0,icmp,0,0,0,OTH,1,28,0,0,DOS
1545580555.16093,18.10.154.25,8,192.168.0.102,0,icmp,0,0,0,OTH,1,28,0,0,DOS
1545580553.89588,71.216.79.106,8,192.168.0.102,0,icmp,0,0,0,OTH,1,28,0,0,DOS
1545580553.95261,113.72.99.230,8,192.168.0.102,0,icmp,0,0,0,OTH,1,28,0,0,DOS
1545580555.12807,239.158.221.193,8,192.168.0.102,0,icmp,0,0,0,OTH,1,28,0,0,DOS
1545580554.65078,149.107.24.170,8,192.168.0.102,0,icmp,0,0,0,OTH,1,28,0,0,DOS
1545580554.7814,68.108.71.252,8,192.168.0.102,0,icmp,0,0,0,OTH,1,28,0,0,DOS
1545580555.09705,158.24.25.31,8,192.168.0.102,0,icmp,0,0,0,OTH,1,28,0,0,DOS
1545580553.81466,131.86.139.150,8,192.168.0.102,0,icmp,0,0,0,OTH,1,28,0,0,DOS
1545580555.17027,164.155.24.108,8,192.168.0.102,0,icmp,0,0,0,OTH,1,28,0,0,DOS
1545580555.50552,72.149.63.6,8,192.168.0.102,0,icmp,0,0,0,OTH,1,28,0,0,DOS
1545580555.26051,202.188.223.24,8,192.168.0.102,0,icmp,0,0,0,OTH,1,28,0,0,DOS
1545580554.47914,120.134.115.156,8,192.168.0.102,0,icmp,0,0,0,OTH,1,28,0,0,DOS
1545580553.70762,130.230.58.210,8,192.168.0.102,0,icmp,0,0,0,OTH,1,28,0,0,DOS
1545580555.57004,22.239.131.77,8,192.168.0.102,0,icmp,0,0,0,OTH,1,28,0,0,DOS
1545580553.6525,36.176.41.26,8,192.168.0.102,0,icmp,0,0,0,OTH,1,28,0,0,DOS
1545580555.41437,12.210.45.165,8,192.168.0.102,0,icmp,0,0,0,OTH,1,28,0,0,DOS
1545580553.79888,140.43.149.26,8,192.168.0.102,0,icmp,0,0,0,OTH,1,28,0,0,DOS
1550642116.61211,192.168.0.104,49636,192.168.0.103,80,tcp,0.000156,0,0,REJ,1,60,1,40,Probe
1550642116.61211,192.168.0.104,45300,192.168.0.103,443,tcp,0.000175,0,0,REJ,1,60,1,40,Probe
1550642129.61382,192.168.0.104,49640,192.168.0.103,80,tcp,0.000171,0,0,REJ,1,60,1,40,Probe
1550642129.61385,192.168.0.104,45304,192.168.0.103,443,tcp,0.000157,0,0,REJ,1,60,1,40,Probe
1550642129.61386,192.168.0.104,49568,192.168.0.103,25,tcp,0.000179,0,0,REJ,1,60,1,40,Probe
1550642129.61387,192.168.0.104,42206,192.168.0.103,21,tcp,0.000181,0,0,REJ,1,60,1,40,Probe
1550642129.61387,192.168.0.104,57712,192.168.0.103,3306,tcp,0.000182,0,0,REJ,1,60,1,40,Probe
1550642129.61388,192.168.0.104,60428,192.168.0.103,111,tcp,0.000184,0,0,REJ,1,60,1,40,Probe
1550642129.61389,192.168.0.104,50866,192.168.0.103,8080,tcp,0.000184,0,0,REJ,1,60,1,40,Probe
1550642129.6139,192.168.0.104,34868,192.168.0.103,587,tcp,0.000203,0,0,REJ,1,60,1,40,Probe
1550642129.61391,192.168.0.104,44954,192.168.0.103,993,tcp,0.000206,0,0,REJ,1,60,1,40,Probe
1550642129.61392,192.168.0.104,58820,192.168.0.103,139,tcp,0.000208,0,0,REJ,1,60,1,40,Probe
1550642129.61407,192.168.0.104,41814,192.168.0.103,135,tcp,0.000059,0,0,REJ,1,60,1,40,Probe
1550642129.6141,192.168.0.104,36384,192.168.0.103,1025,tcp,0.000038,0,0,REJ,1,60,1,40,Probe
1550642129.61411,192.168.0.104,49626,192.168.0.103,143,tcp,0.00004,0,0,REJ,1,60,1,40,Probe
1550642129.61412,192.168.0.104,47522,192.168.0.103,5900,tcp,0.000043,0,0,REJ,1,60,1,40,Probe
1550642129.61413,192.168.0.104,56950,192.168.0.103,110,tcp,0.000043,0,0,REJ,1,60,1,40,Probe
1550642129.61413,192.168.0.104,34856,192.168.0.103,113,tcp,0.000043,0,0,REJ,1,60,1,40,Probe
1550642129.61414,192.168.0.104,44880,192.168.0.103,1720,tcp,0.000066,0,0,REJ,1,60,1,40,Probe
1550642129.61415,192.168.0.104,36552,192.168.0.103,3389,tcp,0.00007,0,0,REJ,1,60,1,40,Probe
1550642129.61419,192.168.0.104,48122,192.168.0.103,8888,tcp,0.000042,0,0,REJ,1,60,1,40,Probe
1550642129.6142,192.168.0.104,39448,192.168.0.103,445,tcp,0.000044,0,0,REJ,1,60,1,40,Probe
1550642129.6142,192.168.0.104,47426,192.168.0.103,199,tcp,0.000047,0,0,REJ,1,60,1,40,Probe
1550642129.61421,192.168.0.104,59558,192.168.0.103,1723,tcp,0.000048,0,0,REJ,1,60,1,40,Probe
1550642129.61422,192.168.0.104,36976,192.168.0.103,22,tcp,0.000053,0,0,REJ,1,60,1,40,Probe
1550642129.61422,192.168.0.104,45372,192.168.0.103,23,tcp,0.000056,0,0,REJ,1,60,1,40,Probe
1550642129.61423,192.168.0.104,53926,192.168.0.103,256,tcp,0.000058,0,0,REJ,1,60,1,40,Probe
1550642129.61424,192.168.0.104,38616,192.168.0.103,554,tcp,0.000059,0,0,REJ,1,60,1,40,Probe
1550642129.61425,192.168.0.104,44746,192.168.0.103,995,tcp,0.000062,0,0,REJ,1,60,1,40,Probe
1550642129.61426,192.168.0.104,49028,192.168.0.103,53,tcp,0.000064,0,0,REJ,1,60,1,40,Probe
1550642129.61426,192.168.0.104,37852,192.168.0.103,2702,tcp,0.000067,0,0,REJ,1,60,1,40,Probe
1550642129.61427,192.168.0.104,51488,192.168.0.103,4006,tcp,0.000067,0,0,REJ,1,60,1,40,Probe
1550642129.61428,192.168.0.104,53364,192.168.0.103,1059,tcp,0.000069,0,0,REJ,1,60,1,40,Probe
1550642129.61429,192.168.0.104,34202,192.168.0.103,1311,tcp,0.000072,0,0,REJ,1,60,1,40,Probe
1550642129.6143,192.168.0.104,59006,192.168.0.103,5298,tcp,0.000081,0,0,REJ,1,60,1,40,Probe
1550642129.61431,192.168.0.104,38196,192.168.0.103,1138,tcp,0.000079,0,0,REJ,1,60,1,40,Probe
1550642129.61432,192.168.0.104,60112,192.168.0.103,17988,tcp,0.000079,0,0,REJ,1,60,1,40,Probe
1550642129.61432,192.168.0.104,37292,192.168.0.103,783,tcp,0.000079,0,0,REJ,1,60,1,40,Probe
1550642129.61433,192.168.0.104,33512,192.168.0.103,4567,tcp,0.000081,0,0,REJ,1,60,1,40,Probe
1550642129.61434,192.168.0.104,51230,192.168.0.103,6565,tcp,0.000083,0,0,REJ,1,60,1,40,Probe
1550642129.61435,192.168.0.104,35156,192.168.0.103,3880,tcp,0.000085,0,0,REJ,1,60,1,40,Probe
1550642129.61435,192.168.0.104,35934,192.168.0.103,425,tcp,0.000088,0,0,REJ,1,60,1,40,Probe
1550642129.61441,192.168.0.104,44300,192.168.0.103,5033,tcp,0.000041,0,0,REJ,1,60,1,40,Probe
1550642129.61442,192.168.0.104,36746,192.168.0.103,691,tcp,0.000041,0,0,REJ,1,60,1,40,Probe
1550642129.61443,192.168.0.104,52014,192.168.0.103,1044,tcp,0.000043,0,0,REJ,1,60,1,40,Probe
1550642129.61443,192.168.0.104,59472,192.168.0.103,64680,tcp,0.000045,0,0,REJ,1,60,1,40,Probe
1550642129.61444,192.168.0.104,54002,192.168.0.103,21571,tcp,0.000047,0,0,REJ,1,60,1,40,Probe
1550642129.61445,192.168.0.104,40074,192.168.0.103,3300,tcp,0.000048,0,0,REJ,1,60,1,40,Probe
1550642129.61446,192.168.0.104,58550,192.168.0.103,6789,tcp,0.00005,0,0,REJ,1,60,1,40,Probe
1550642129.61446,192.168.0.104,54368,192.168.0.103,1035,tcp,0.000053,0,0,REJ,1,60,1,40,Probe
1550642129.61447,192.168.0.104,60632,192.168.0.103,1027,tcp,0.000063,0,0,REJ,1,60,1,40,Probe
1550642129.61448,192.168.0.104,50748,192.168.0.103,1524,tcp,0.000067,0,0,REJ,1,60,1,40,Probe
1550642129.61449,192.168.0.104,50018,192.168.0.103,38292,tcp,0.000069,0,0,REJ,1,60,1,40,Probe
1550642129.61449,192.168.0.104,41712,192.168.0.103,9593,tcp,0.000071,0,0,REJ,1,60,1,40,Probe
1550642129.6145,192.168.0.104,60004,192.168.0.103,2525,tcp,0.000077,0,0,REJ,1,60,1,40,Probe
1550642129.61451,192.168.0.104,32792,192.168.0.103,6502,tcp,0.00008,0,0,REJ,1,60,1,40,Probe
1550642129.61452,192.168.0.104,38802,192.168.0.103,8042,tcp,0.000083,0,0,REJ,1,60,1,40,Probe
1550642129.61452,192.168.0.104,51868,192.168.0.103,49,tcp,0.000085,0,0,REJ,1,60,1,40,Probe
1550642129.61453,192.168.0.104,51668,192.168.0.103,667,tcp,0.000087,0,0,REJ,1,60,1,40,Probe
1550642129.61454,192.168.0.104,53968,192.168.0.103,2107,tcp,0.000089,0,0,REJ,1,60,1,40,Probe
1550642129.61455,192.168.0.104,36526,192.168.0.103,1272,tcp,0.000091,0,0,REJ,1,60,1,40,Probe
1550642129.61455,192.168.0.104,58350,192.168.0.103,4662,tcp,0.00012,0,0,REJ,1,60,1,40,Probe
1550642129.61456,192.168.0.104,34986,192.168.0.103,32780,tcp,0.000122,0,0,REJ,1,60,1,40,Probe
1550642129.61457,192.168.0.104,57112,192.168.0.103,1166,tcp,0.000119,0,0,REJ,1,60,1,40,Probe
1550642129.61458,192.168.0.104,58628,192.168.0.103,1310,tcp,0.000114,0,0,REJ,1,60,1,40,Probe
1550642129.61458,192.168.0.104,60416,192.168.0.103,1259,tcp,0.000108,0,0,REJ,1,60,1,40,Probe
1550642129.61459,192.168.0.104,46614,192.168.0.103,3071,tcp,0.000103,0,0,REJ,1,60,1,40,Probe
1550642129.6146,192.168.0.104,52964,192.168.0.103,1503,tcp,0.000103,0,0,REJ,1,60,1,40,Probe
1550642129.61461,192.168.0.104,41052,192.168.0.103,7937,tcp,0.000105,0,0,REJ,1,60,1,40,Probe
1550642129.61462,192.168.0.104,42738,192.168.0.103,8045,tcp,0.000108,0,0,REJ,1,60,1,40,Probe
1550642129.61462,192.168.0.104,34390,192.168.0.103,49163,tcp,0.000109,0,0,REJ,1,60,1,40,Probe
1550642129.61464,192.168.0.104,42692,192.168.0.103,9102,tcp,0.000102,0,0,REJ,1,60,1,40,Probe
1550642129.61464,192.168.0.104,50050,192.168.0.103,513,tcp,0.000103,0,0,REJ,1,60,1,40,Probe
1550642129.61465,192.168.0.104,46606,192.168.0.103,43,tcp,0.000103,0,0,REJ,1,60,1,40,Probe
1550642129.61466,192.168.0.104,56542,192.168.0.103,5544,tcp,0.000104,0,0,REJ,1,60,1,40,Probe
1550642129.61467,192.168.0.104,46136,192.168.0.103,5988,tcp,0.000105,0,0,REJ,1,60,1,40,Probe
1550642129.61467,192.168.0.104,45662,192.168.0.103,5679,tcp,0.000106,0,0,REJ,1,60,1,40,Probe
1550642129.61468,192.168.0.104,33126,192.168.0.103,9290,tcp,0.000107,0,0,REJ,1,60,1,40,Probe
1550642129.61469,192.168.0.104,33250,192.168.0.103,2100,tcp,0.000103,0,0,REJ,1,60,1,40,Probe
1550642129.6147,192.168.0.104,52530,192.168.0.103,31038,tcp,0.000103,0,0,REJ,1,60,1,40,Probe
1550642129.61471,192.168.0.104,33856,192.168.0.103,9503,tcp,0.000103,0,0,REJ,1,60,1,40,Probe
1550642129.61472,192.168.0.104,36902,192.168.0.103,179,tcp,0.000104,0,0,REJ,1,60,1,40,Probe
1550642129.61482,192.168.0.104,56594,192.168.0.103,6100,tcp,0.000016,0,0,REJ,1,60,1,40,Probe
1550642129.61483,192.168.0.104,56774,192.168.0.103,765,tcp,0.000018,0,0,REJ,1,60,1,40,Probe
1550642129.61484,192.168.0.104,34236,192.168.0.103,37,tcp,0.00002,0,0,REJ,1,60,1,40,Probe
1550642129.61484,192.168.0.104,38134,192.168.0.103,1862,tcp,0.000023,0,0,REJ,1,60,1,40,Probe
1550642129.61485,192.168.0.104,35134,192.168.0.103,1096,tcp,0.000024,0,0,REJ,1,60,1,40,Probe
1550642129.61486,192.168.0.104,56434,192.168.0.103,4003,tcp,0.000026,0,0,REJ,1,60,1,40,Probe
1550642129.61487,192.168.0.104,39228,192.168.0.103,2382,tcp,0.00003,0,0,REJ,1,60,1,40,Probe
1550642129.61488,192.168.0.104,50900,192.168.0.103,7001,tcp,0.000031,0,0,REJ,1,60,1,40,Probe
1550642129.61488,192.168.0.104,36884,192.168.0.103,3261,tcp,0.000033,0,0,REJ,1,60,1,40,Probe
1550642129.61489,192.168.0.104,56584,192.168.0.103,5801,tcp,0.000036,0,0,REJ,1,60,1,40,Probe
1550642129.6149,192.168.0.104,36992,192.168.0.103,9010,tcp,0.000039,0,0,REJ,1,60,1,40,Probe
1550642129.6149,192.168.0.104,56396,192.168.0.103,4001,tcp,0.000043,0,0,REJ,1,60,1,40,Probe
1550642129.61491,192.168.0.104,45926,192.168.0.103,27355,tcp,0.000045,0,0,REJ,1,60,1,40,Probe
1550642129.61492,192.168.0.104,38068,192.168.0.103,49400,tcp,0.000047,0,0,REJ,1,60,1,40,Probe
1550642129.61493,192.168.0.104,39218,192.168.0.103,2042,tcp,0.000049,0,0,REJ,1,60,1,40,Probe
1550642129.61493,192.168.0.104,34522,192.168.0.103,1065,tcp,0.000052,0,0,REJ,1,60,1,40,Probe
1550642129.62651,192.168.0.104,58150,192.168.0.103,49167,tcp,0.000502,0,0,REJ,1,60,1,40,Probe
1550642129.62663,192.168.0.104,51916,192.168.0.103,3268,tcp,0.00039,0,0,REJ,1,60,1,40,Probe
1550642129.62664,192.168.0.104,57894,192.168.0.103,1052,tcp,0.000389,0,0,REJ,1,60,1,40,Probe
1550642129.62665,192.168.0.104,54014,192.168.0.103,1053,tcp,0.00039,0,0,REJ,1,60,1,40,Probe
1550642129.62665,192.168.0.104,37368,192.168.0.103,1233,tcp,0.00039,0,0,REJ,1,60,1,40,Probe
1550642129.62666,192.168.0.104,37430,192.168.0.103,6112,tcp,0.000399,0,0,REJ,1,60,1,40,Probe
1550642129.62667,192.168.0.104,34860,192.168.0.103,1104,tcp,0.000399,0,0,REJ,1,60,1,40,Probe
1550642129.62668,192.168.0.104,46562,192.168.0.103,1700,tcp,0.000401,0,0,REJ,1,60,1,40,Probe
1550642129.62668,192.168.0.104,60140,192.168.0.103,1721,tcp,0.000401,0,0,REJ,1,60,1,40,Probe
1550642129.62669,192.168.0.104,52396,192.168.0.103,51103,tcp,0.000401,0,0,REJ,1,60,1,40,Probe
1550642129.6267,192.168.0.104,39120,192.168.0.103,2041,tcp,0.000403,0,0,REJ,1,60,1,40,Probe
1550642129.62671,192.168.0.104,42978,192.168.0.103,1247,tcp,0.000406,0,0,REJ,1,60,1,40,Probe
1550642129.62672,192.168.0.104,60868,192.168.0.103,2910,tcp,0.000407,0,0,REJ,1,60,1,40,Probe
1550642129.62672,192.168.0.104,35460,192.168.0.103,3871,tcp,0.000409,0,0,REJ,1,60,1,40,Probe
1550642129.62673,192.168.0.104,37444,192.168.0.103,5000,tcp,0.000413,0,0,REJ,1,60,1,40,Probe
1550642129.62674,192.168.0.104,53358,192.168.0.103,481,tcp,0.000415,0,0,REJ,1,60,1,40,Probe
1550642129.62675,192.168.0.104,46308,192.168.0.103,1244,tcp,0.000417,0,0,REJ,1,60,1,40,Probe
1550642129.62675,192.168.0.104,50158,192.168.0.103,6689,tcp,0.000424,0,0,REJ,1,60,1,40,Probe
1550642129.62676,192.168.0.104,54384,192.168.0.103,777,tcp,0.000426,0,0,REJ,1,60,1,40,Probe
1550642129.62677,192.168.0.104,34976,192.168.0.103,1501,tcp,0.000428,0,0,REJ,1,60,1,40,Probe
1550642129.62678,192.168.0.104,54184,192.168.0.103,12345,tcp,0.00043,0,0,REJ,1,60,1,40,Probe
1550642129.62678,192.168.0.104,34942,192.168.0.103,7103,tcp,0.00044,0,0,REJ,1,60,1,40,Probe
1550642129.62679,192.168.0.104,59224,192.168.0.103,1037,tcp,0.000441,0,0,REJ,1,60,1,40,Probe
1550642129.6268,192.168.0.104,47546,192.168.0.103,1042,tcp,0.000443,0,0,REJ,1,60,1,40,Probe
1550642129.62681,192.168.0.104,59338,192.168.0.103,22939,tcp,0.000445,0,0,REJ,1,60,1,40,Probe
1550642129.62682,192.168.0.104,52060,192.168.0.103,60443,tcp,0.000447,0,0,REJ,1,60,1,40,Probe
1550642129.62682,192.168.0.104,43858,192.168.0.103,7100,tcp,0.00045,0,0,REJ,1,60,1,40,Probe
1550642129.62683,192.168.0.104,51720,192.168.0.103,9666,tcp,0.000452,0,0,REJ,1,60,1,40,Probe
1550642129.62684,192.168.0.104,51328,192.168.0.103,3551,tcp,0.000453,0,0,REJ,1,60,1,40,Probe
1550642129.62684,192.168.0.104,56890,192.168.0.103,2222,tcp,0.000456,0,0,REJ,1,60,1,40,Probe
1550642129.62685,192.168.0.104,38822,192.168.0.103,54045,tcp,0.000459,0,0,REJ,1,60,1,40,Probe
1550642129.62686,192.168.0.104,41458,192.168.0.103,12174,tcp,0.000461,0,0,REJ,1,60,1,40,Probe
1550642129.62687,192.168.0.104,32814,192.168.0.103,9002,tcp,0.000462,0,0,REJ,1,60,1,40,Probe
1550642129.62687,192.168.0.104,37354,192.168.0.103,16993,tcp,0.000464,0,0,REJ,1,60,1,40,Probe
1550642129.62688,192.168.0.104,41264,192.168.0.103,55555,tcp,0.000468,0,0,REJ,1,60,1,40,Probe
1550642129.62689,192.168.0.104,47258,192.168.0.103,1069,tcp,0.000472,0,0,REJ,1,60,1,40,Probe
1550642129.6269,192.168.0.104,54480,192.168.0.103,16000,tcp,0.000474,0,0,REJ,1,60,1,40,Probe
1550642129.62691,192.168.0.104,38960,192.168.0.103,50389,tcp,0.000483,0,0,REJ,1,60,1,40,Probe
1550642129.62691,192.168.0.104,46244,192.168.0.103,2047,tcp,0.000485,0,0,REJ,1,60,1,40,Probe
1550642129.62692,192.168.0.104,54612,192.168.0.103,6009,tcp,0.000488,0,0,REJ,1,60,1,40,Probe
1550642129.62693,192.168.0.104,49242,192.168.0.103,9011,tcp,0.00049,0,0,REJ,1,60,1,40,Probe
1550642129.62694,192.168.0.104,60020,192.168.0.103,8254,tcp,0.000491,0,0,REJ,1,60,1,40,Probe
1550642129.62694,192.168.0.104,44486,192.168.0.103,4111,tcp,0.000494,0,0,REJ,1,60,1,40,Probe
1550642129.62695,192.168.0.104,48492,192.168.0.103,1761,tcp,0.000493,0,0,REJ,1,60,1,40,Probe
1550642129.62696,192.168.0.104,60428,192.168.0.103,50000,tcp,0.000494,0,0,REJ,1,60,1,40,Probe
1550642129.62697,192.168.0.104,35324,192.168.0.103,2021,tcp,0.000495,0,0,REJ,1,60,1,40,Probe
1550642129.6271,192.168.0.104,57422,192.168.0.103,56737,tcp,0.000378,0,0,REJ,1,60,1,40,Probe
1550642129.6271,192.168.0.104,42288,192.168.0.103,311,tcp,0.000377,0,0,REJ,1,60,1,40,Probe
1550642129.62711,192.168.0.104,54418,192.168.0.103,2604,tcp,0.000377,0,0,REJ,1,60,1,40,Probe
1550642129.62712,192.168.0.104,44486,192.168.0.103,8009,tcp,0.000377,0,0,REJ,1,60,1,40,Probe
1550642129.62713,192.168.0.104,34492,192.168.0.103,2251,tcp,0.000378,0,0,REJ,1,60,1,40,Probe
1550642129.62714,192.168.0.104,57706,192.168.0.103,6901,tcp,0.000378,0,0,REJ,1,60,1,40,Probe
1550642129.62714,192.168.0.104,33136,192.168.0.103,6699,tcp,0.000379,0,0,REJ,1,60,1,40,Probe
1550642129.62715,192.168.0.104,38872,192.168.0.103,1131,tcp,0.000397,0,0,REJ,1,60,1,40,Probe
1550642129.62716,192.168.0.104,52646,192.168.0.103,45100,tcp,0.000398,0,0,REJ,1,60,1,40,Probe
1550642129.62717,192.168.0.104,59668,192.168.0.103,280,tcp,0.000395,0,0,REJ,1,60,1,40,Probe
1550642129.62718,192.168.0.104,33512,192.168.0.103,2002,tcp,0.000395,0,0,REJ,1,60,1,40,Probe
1550642129.62719,192.168.0.104,58378,192.168.0.103,33,tcp,0.000396,0,0,REJ,1,60,1,40,Probe
1550642129.62719,192.168.0.104,34888,192.168.0.103,8100,tcp,0.000397,0,0,REJ,1,60,1,40,Probe
1550642129.6272,192.168.0.104,60830,192.168.0.103,5822,tcp,0.000397,0,0,REJ,1,60,1,40,Probe
1550642129.62721,192.168.0.104,46900,192.168.0.103,4224,tcp,0.000398,0,0,REJ,1,60,1,40,Probe
1550642129.62722,192.168.0.104,50438,192.168.0.103,1039,tcp,0.000399,0,0,REJ,1,60,1,40,Probe
1550642129.62723,192.168.0.104,56234,192.168.0.103,407,tcp,0.0004,0,0,REJ,1,60,1,40,Probe
1550642129.62723,192.168.0.104,43718,192.168.0.103,1057,tcp,0.000401,0,0,REJ,1,60,1,40,Probe
1550642129.62724,192.168.0.104,56546,192.168.0.103,888,tcp,0.000402,0,0,REJ,1,60,1,40,Probe
1550642129.62725,192.168.0.104,43502,192.168.0.103,2196,tcp,0.000403,0,0,REJ,1,60,1,40,Probe
1550642129.62726,192.168.0.104,36160,192.168.0.103,7627,tcp,0.000404,0,0,REJ,1,60,1,40,Probe
1550642129.62726,192.168.0.104,55694,192.168.0.103,10004,tcp,0.000411,0,0,REJ,1,60,1,40,Probe
1550642129.62727,192.168.0.104,60564,192.168.0.103,646,tcp,0.000412,0,0,REJ,1,60,1,40,Probe
1550642129.62728,192.168.0.104,36430,192.168.0.103,2260,tcp,0.000464,0,0,REJ,1,60,1,40,Probe
1550642129.62729,192.168.0.104,48720,192.168.0.103,1352,tcp,0.000484,0,0,REJ,1,60,1,40,Probe
1550642129.6273,192.168.0.104,39198,192.168.0.103,1641,tcp,0.000485,0,0,REJ,1,60,1,40,Probe
1550642129.6273,192.168.0.104,56702,192.168.0.103,8291,tcp,0.000486,0,0,REJ,1,60,1,40,Probe
1550642129.62731,192.168.0.104,34824,192.168.0.103,64623,tcp,0.000486,0,0,REJ,1,60,1,40,Probe
1550642129.62732,192.168.0.104,54516,192.168.0.103,2003,tcp,0.000488,0,0,REJ,1,60,1,40,Probe
1550642129.62733,192.168.0.104,57422,192.168.0.103,32774,tcp,0.000489,0,0,REJ,1,60,1,40,Probe
1550642129.62733,192.168.0.104,36162,192.168.0.103,1900,tcp,0.000489,0,0,REJ,1,60,1,40,Probe
1550642129.62734,192.168.0.104,34318,192.168.0.103,49155,tcp,0.00049,0,0,REJ,1,60,1,40,Probe
1550642129.62735,192.168.0.104,51266,192.168.0.103,8088,tcp,0.000489,0,0,REJ,1,60,1,40,Probe
1550642129.62736,192.168.0.104,40092,192.168.0.103,301,tcp,0.000489,0,0,REJ,1,60,1,40,Probe
1550642129.62737,192.168.0.104,40432,192.168.0.103,1287,tcp,0.000491,0,0,REJ,1,60,1,40,Probe
1550642129.62737,192.168.0.104,52014,192.168.0.103,1199,tcp,0.000492,0,0,REJ,1,60,1,40,Probe
1550642129.62738,192.168.0.104,46624,192.168.0.103,11110,tcp,0.000493,0,0,REJ,1,60,1,40,Probe
1550642129.62739,192.168.0.104,50414,192.168.0.103,49175,tcp,0.000495,0,0,REJ,1,60,1,40,Probe
1550642129.6274,192.168.0.104,39240,192.168.0.103,5633,tcp,0.000495,0,0,REJ,1,60,1,40,Probe
1550642129.62741,192.168.0.104,38006,192.168.0.103,1218,tcp,0.000504,0,0,REJ,1,60,1,40,Probe
1550642129.62741,192.168.0.104,48404,192.168.0.103,545,tcp,0.000505,0,0,REJ,1,60,1,40,Probe
1550642129.62742,192.168.0.104,56620,192.168.0.103,1783,tcp,0.000507,0,0,REJ,1,60,1,40,Probe
1550642129.62743,192.168.0.104,50608,192.168.0.103,254,tcp,0.000509,0,0,REJ,1,60,1,40,Probe
1550642129.62744,192.168.0.104,34988,192.168.0.103,6881,tcp,0.00051,0,0,REJ,1,60,1,40,Probe
1550642129.62745,192.168.0.104,44082,192.168.0.103,3370,tcp,0.000512,0,0,REJ,1,60,1,40,Probe
1550642129.62745,192.168.0.104,38582,192.168.0.103,32768,tcp,0.000514,0,0,REJ,1,60,1,40,Probe
1550642129.62746,192.168.0.104,56266,192.168.0.103,1063,tcp,0.000515,0,0,REJ,1,60,1,40,Probe
1551086692.48382,192.168.0.105,42250,192.168.0.104,80,tcp,0.000012,0,0,REJ,1,60,1,40,Probe
1551086692.49522,192.168.0.105,48010,192.168.0.104,443,tcp,0.00002,0,0,REJ,1,60,1,40,Probe
1551086705.54908,192.168.0.105,60974,192.168.0.104,6510,tcp,0.000003,0,0,REJ,1,60,1,40,Probe
1551086705.56614,192.168.0.105,51026,192.168.0.104,6112,tcp,0.000004,0,0,REJ,1,60,1,40,Probe
1551086705.58092,192.168.0.105,60940,192.168.0.104,999,tcp,0.000004,0,0,REJ,1,60,1,40,Probe
1551086705.59474,192.168.0.105,38608,192.168.0.104,3828,tcp,0.000004,0,0,REJ,1,60,1,40,Probe
1551086705.54843,192.168.0.105,44556,192.168.0.104,1641,tcp,0.000004,0,0,REJ,1,60,1,40,Probe
1551086705.54934,192.168.0.105,44886,192.168.0.104,3390,tcp,0.000004,0,0,REJ,1,60,1,40,Probe
1551086705.54496,192.168.0.105,38994,192.168.0.104,3986,tcp,0.000004,0,0,REJ,1,60,1,40,Probe
1551086705.5338,192.168.0.105,45330,192.168.0.104,4446,tcp,0.000004,0,0,REJ,1,60,1,40,Probe
1551086705.57435,192.168.0.105,45718,192.168.0.104,7007,tcp,0.000004,0,0,REJ,1,60,1,40,Probe
1551086705.55124,192.168.0.105,38198,192.168.0.104,631,tcp,0.000004,0,0,REJ,1,60,1,40,Probe
1551086705.57294,192.168.0.105,44146,192.168.0.104,6646,tcp,0.000003,0,0,REJ,1,60,1,40,Probe
1551086705.57489,192.168.0.105,37626,192.168.0.104,1099,tcp,0.000004,0,0,REJ,1,60,1,40,Probe
1551086705.5963,192.168.0.105,51036,192.168.0.104,912,tcp,0.000003,0,0,REJ,1,60,1,40,Probe
1551086705.52757,192.168.0.105,45028,192.168.0.104,32771,tcp,0.000004,0,0,REJ,1,60,1,40,Probe
1551086705.52793,192.168.0.105,41680,192.168.0.104,1164,tcp,0.000004,0,0,REJ,1,60,1,40,Probe
1551086705.5144,192.168.0.105,58712,192.168.0.104,1072,tcp,0.000003,0,0,REJ,1,60,1,40,Probe
1551086705.53288,192.168.0.105,35486,192.168.0.104,1163,tcp,0.000004,0,0,REJ,1,60,1,40,Probe
1551086705.55744,192.168.0.105,53034,192.168.0.104,44176,tcp,0.000015,0,0,REJ,1,60,1,40,Probe
1551086705.5336,192.168.0.105,45730,192.168.0.104,1935,tcp,0.000003,0,0,REJ,1,60,1,40,Probe
1551086705.52509,192.168.0.105,48744,192.168.0.104,7741,tcp,0.000004,0,0,REJ,1,60,1,40,Probe
1551086705.55859,192.168.0.105,52128,192.168.0.104,9878,tcp,0.000003,0,0,REJ,1,60,1,40,Probe
1551086705.56022,192.168.0.105,56986,192.168.0.104,3370,tcp,0.000004,0,0,REJ,1,60,1,40,Probe
1551086705.51543,192.168.0.105,43790,192.168.0.104,50001,tcp,0.000005,0,0,REJ,1,60,1,40,Probe
1551086705.56727,192.168.0.105,43558,192.168.0.104,8086,tcp,0.000003,0,0,REJ,1,60,1,40,Probe
1551086705.59411,192.168.0.105,59244,192.168.0.104,3995,tcp,0.000003,0,0,REJ,1,60,1,40,Probe
1551086705.59465,192.168.0.105,51316,192.168.0.104,873,tcp,0.000004,0,0,REJ,1,60,1,40,Probe
1551086705.52692,192.168.0.105,55420,192.168.0.104,1123,tcp,0.000004,0,0,REJ,1,60,1,40,Probe
1551086705.51491,192.168.0.105,43890,192.168.0.104,9500,tcp,0.000004,0,0,REJ,1,60,1,40,Probe
1551086705.55183,192.168.0.105,48832,192.168.0.104,1216,tcp,0.000003,0,0,REJ,1,60,1,40,Probe
1551086705.59615,192.168.0.105,38080,192.168.0.104,2100,tcp,0.000003,0,0,REJ,1,60,1,40,Probe
1551086705.50519,192.168.0.105,38852,192.168.0.104,143,tcp,0.000004,0,0,REJ,1,60,1,40,Probe
1551086705.51586,192.168.0.105,56552,192.168.0.104,9900,tcp,0.000004,0,0,REJ,1,60,1,40,Probe
1551086705.55021,192.168.0.105,43574,192.168.0.104,9,tcp,0.000003,0,0,REJ,1,60,1,40,Probe
1551086705.57506,192.168.0.105,57186,192.168.0.104,1030,tcp,0.000003,0,0,REJ,1,60,1,40,Probe
1551086705.53448,192.168.0.105,46270,192.168.0.104,30000,tcp,0.000003,0,0,REJ,1,60,1,40,Probe
1551086705.5456,192.168.0.105,59752,192.168.0.104,7002,tcp,0.000004,0,0,REJ,1,60,1,40,Probe
1551086705.53446,192.168.0.105,52224,192.168.0.104,19842,tcp,0.000004,0,0,REJ,1,60,1,40,Probe
1551086705.57345,192.168.0.105,56254,192.168.0.104,7070,tcp,0.000004,0,0,REJ,1,60,1,40,Probe
1551086705.54429,192.168.0.105,36098,192.168.0.104,34573,tcp,0.000004,0,0,REJ,1,60,1,40,Probe
1551086705.52591,192.168.0.105,56558,192.168.0.104,7512,tcp,0.000004,0,0,REJ,1,60,1,40,Probe
1551086705.52522,192.168.0.105,54754,192.168.0.104,1042,tcp,0.000004,0,0,REJ,1,60,1,40,Probe
1551086705.51458,192.168.0.105,48518,192.168.0.104,20222,tcp,0.000004,0,0,REJ,1,60,1,40,Probe
1551086705.55133,192.168.0.105,36004,192.168.0.104,2038,tcp,0.000003,0,0,REJ,1,60,1,40,Probe
1551086705.57552,192.168.0.105,60682,192.168.0.104,5915,tcp,0.000004,0,0,REJ,1,60,1,40,Probe
1551086705.59637,192.168.0.105,60152,192.168.0.104,3580,tcp,0.000004,0,0,REJ,1,60,1,40,Probe
1551086705.59569,192.168.0.105,53304,192.168.0.104,56737,tcp,0.000003,0,0,REJ,1,60,1,40,Probe
1551086705.5967,192.168.0.105,59206,192.168.0.104,5811,tcp,0.000004,0,0,REJ,1,60,1,40,Probe
1551086705.52621,192.168.0.105,44888,192.168.0.104,10243,tcp,0.000004,0,0,REJ,1,60,1,40,Probe
1551086705.55168,192.168.0.105,41472,192.168.0.104,306,tcp,0.000004,0,0,REJ,1,60,1,40,Probe
1551086705.52015,192.168.0.105,48490,192.168.0.104,88,tcp,0.000005,0,0,REJ,1,60,1,40,Probe
1551086705.55802,192.168.0.105,58988,192.168.0.104,1036,tcp,0.000004,0,0,REJ,1,60,1,40,Probe
1551086705.58414,192.168.0.105,41272,192.168.0.104,6004,tcp,0.000003,0,0,REJ,1,60,1,40,Probe
1551086705.52654,192.168.0.105,35606,192.168.0.104,37,tcp,0.000004,0,0,REJ,1,60,1,40,Probe
1551086705.56635,192.168.0.105,32770,192.168.0.104,2717,tcp,0.000004,0,0,REJ,1,60,1,40,Probe
1551086705.57279,192.168.0.105,38288,192.168.0.104,25735,tcp,0.000004,0,0,REJ,1,60,1,40,Probe
1551086705.58319,192.168.0.105,60570,192.168.0.104,54328,tcp,0.000004,0,0,REJ,1,60,1,40,Probe
1551086705.51853,192.168.0.105,42988,192.168.0.104,1068,tcp,0.000004,0,0,REJ,1,60,1,40,Probe
1551086705.51668,192.168.0.105,43454,192.168.0.104,5679,tcp,0.000003,0,0,REJ,1,60,1,40,Probe
1551086705.51991,192.168.0.105,34494,192.168.0.104,9998,tcp,0.000003,0,0,REJ,1,60,1,40,Probe
1551086705.54804,192.168.0.105,37712,192.168.0.104,2065,tcp,0.000004,0,0,REJ,1,60,1,40,Probe
1551086705.54863,192.168.0.105,44288,192.168.0.104,4279,tcp,0.000004,0,0,REJ,1,60,1,40,Probe
1551086705.58383,192.168.0.105,57324,192.168.0.104,2710,tcp,0.000004,0,0,REJ,1,60,1,40,Probe
1551086705.59717,192.168.0.105,36740,192.168.0.104,6156,tcp,0.000003,0,0,REJ,1,60,1,40,Probe
1551086705.53594,192.168.0.105,35594,192.168.0.104,1524,tcp,0.000004,0,0,REJ,1,60,1,40,Probe
1551086705.52737,192.168.0.105,42374,192.168.0.104,30951,tcp,0.000004,0,0,REJ,1,60,1,40,Probe
1551086705.52709,192.168.0.105,35812,192.168.0.104,57294,tcp,0.000004,0,0,REJ,1,60,1,40,Probe
1551086705.55967,192.168.0.105,34234,192.168.0.104,1149,tcp,0.000004,0,0,REJ,1,60,1,40,Probe
1551086705.55976,192.168.0.105,49174,192.168.0.104,32772,tcp,0.000003,0,0,REJ,1,60,1,40,Probe
1551086705.57544,192.168.0.105,52008,192.168.0.104,801,tcp,0.000004,0,0,REJ,1,60,1,40,Probe
1551086705.54621,192.168.0.105,53936,192.168.0.104,4848,tcp,0.000003,0,0,REJ,1,60,1,40,Probe
1551086705.54397,192.168.0.105,38786,192.168.0.104,49154,tcp,0.000004,0,0,REJ,1,60,1,40,Probe
1551086705.50571,192.168.0.105,57262,192.168.0.104,4998,tcp,0.000005,0,0,REJ,1,60,1,40,Probe
1551086705.55176,192.168.0.105,54596,192.168.0.104,5009,tcp,0.000003,0,0,REJ,1,60,1,40,Probe
1551086705.5594,192.168.0.105,41662,192.168.0.104,3011,tcp,0.000004,0,0,REJ,1,60,1,40,Probe
1551086705.53505,192.168.0.105,34108,192.168.0.104,563,tcp,0.000003,0,0,REJ,1,60,1,40,Probe
1551086705.54851,192.168.0.105,55092,192.168.0.104,50006,tcp,0.000003,0,0,REJ,1,60,1,40,Probe
1551086705.52019,192.168.0.105,51354,192.168.0.104,20000,tcp,0.000003,0,0,REJ,1,60,1,40,Probe
1551086705.59515,192.168.0.105,40504,192.168.0.104,10009,tcp,0.000004,0,0,REJ,1,60,1,40,Probe
1551086705.54449,192.168.0.105,55976,192.168.0.104,7911,tcp,0.000004,0,0,REJ,1,60,1,40,Probe
1551086705.54555,192.168.0.105,48108,192.168.0.104,3737,tcp,0.000003,0,0,REJ,1,60,1,40,Probe
1551086705.52706,192.168.0.105,50698,192.168.0.104,1309,tcp,0.000005,0,0,REJ,1,60,1,40,Probe
1551086705.50529,192.168.0.105,60268,192.168.0.104,25,tcp,0.000003,0,0,REJ,1,60,1,40,Probe
1551086705.54636,192.168.0.105,40880,192.168.0.104,50636,tcp,0.000003,0,0,REJ,1,60,1,40,Probe
1551086705.54873,192.168.0.105,36238,192.168.0.104,1070,tcp,0.000003,0,0,REJ,1,60,1,40,Probe
1551086705.55696,192.168.0.105,51536,192.168.0.104,55555,tcp,0.000004,0,0,REJ,1,60,1,40,Probe
1551086705.56586,192.168.0.105,40214,192.168.0.104,1056,tcp,0.000004,0,0,REJ,1,60,1,40,Probe
1551086705.57302,192.168.0.105,58426,192.168.0.104,2170,tcp,0.000004,0,0,REJ,1,60,1,40,Probe
1551086705.52607,192.168.0.105,57876,192.168.0.104,783,tcp,0.000004,0,0,REJ,1,60,1,40,Probe
1551086705.53372,192.168.0.105,47810,192.168.0.104,31337,tcp,0.000004,0,0,REJ,1,60,1,40,Probe
1551086705.56581,192.168.0.105,47932,192.168.0.104,1096,tcp,0.000004,0,0,REJ,1,60,1,40,Probe
1551086705.56677,192.168.0.105,53658,192.168.0.104,691,tcp,0.000004,0,0,REJ,1,60,1,40,Probe
1551086705.54582,192.168.0.105,48834,192.168.0.104,1580,tcp,0.000004,0,0,REJ,1,60,1,40,Probe
1551086705.50548,192.168.0.105,52768,192.168.0.104,53,tcp,0.000004,0,0,REJ,1,60,1,40,Probe
1551086705.5474,192.168.0.105,50864,192.168.0.104,1443,tcp,0.000003,0,0,REJ,1,60,1,40,Probe
1551086705.56762,192.168.0.105,52398,192.168.0.104,1079,tcp,0.000004,0,0,REJ,1,60,1,40,Probe
1551086705.51855,192.168.0.105,40060,192.168.0.104,2179,tcp,0.000003,0,0,REJ,1,60,1,40,Probe
1551086705.56815,192.168.0.105,51490,192.168.0.104,1027,tcp,0.000005,0,0,REJ,1,60,1,40,Probe
1551086705.57252,192.168.0.105,37716,192.168.0.104,1073,tcp,0.000005,0,0,REJ,1,60,1,40,Probe
1551086705.53596,192.168.0.105,51414,192.168.0.104,5631,tcp,0.000003,0,0,REJ,1,60,1,40,Probe
1551086705.52632,192.168.0.105,34586,192.168.0.104,10025,tcp,0.000004,0,0,REJ,1,60,1,40,Probe
1551086705.58195,192.168.0.105,56768,192.168.0.104,2605,tcp,0.000004,0,0,REJ,1,60,1,40,Probe
1551086705.5355,192.168.0.105,44384,192.168.0.104,3827,tcp,0.000004,0,0,REJ,1,60,1,40,Probe
1551086705.52749,192.168.0.105,54036,192.168.0.104,49175,tcp,0.000004,0,0,REJ,1,60,1,40,Probe
1551086705.55028,192.168.0.105,43166,192.168.0.104,16000,tcp,0.000004,0,0,REJ,1,60,1,40,Probe
1551086705.51689,192.168.0.105,49468,192.168.0.104,19283,tcp,0.000003,0,0,REJ,1,60,1,40,Probe
1551086705.54762,192.168.0.105,55608,192.168.0.104,5678,tcp,0.000003,0,0,REJ,1,60,1,40,Probe
1551086705.58187,192.168.0.105,32848,192.168.0.104,32773,tcp,0.000004,0,0,REJ,1,60,1,40,Probe
1551086705.50601,192.168.0.105,59036,192.168.0.104,49155,tcp,0.000004,0,0,REJ,1,60,1,40,Probe
1551086705.51988,192.168.0.105,41248,192.168.0.104,32,tcp,0.000004,0,0,REJ,1,60,1,40,Probe
1551086705.53536,192.168.0.105,38916,192.168.0.104,1556,tcp,0.000004,0,0,REJ,1,60,1,40,Probe
1551086705.52577,192.168.0.105,38522,192.168.0.104,4002,tcp,0.000004,0,0,REJ,1,60,1,40,Probe
1551086705.53625,192.168.0.105,37442,192.168.0.104,22939,tcp,0.000003,0,0,REJ,1,60,1,40,Probe
1551086705.53618,192.168.0.105,46344,192.168.0.104,50300,tcp,0.000003,0,0,REJ,1,60,1,40,Probe
1551086705.54436,192.168.0.105,57712,192.168.0.104,7004,tcp,0.000005,0,0,REJ,1,60,1,40,Probe
1551086705.57443,192.168.0.105,48218,192.168.0.104,9876,tcp,0.000004,0,0,REJ,1,60,1,40,Probe
1551086705.59523,192.168.0.105,53724,192.168.0.104,1900,tcp,0.000004,0,0,REJ,1,60,1,40,Probe
1551086705.5457,192.168.0.105,55866,192.168.0.104,1500,tcp,0.000003,0,0,REJ,1,60,1,40,Probe
1551086705.57289,192.168.0.105,55182,192.168.0.104,13,tcp,0.000003,0,0,REJ,1,60,1,40,Probe
1551086705.50514,192.168.0.105,49728,192.168.0.104,995,tcp,0.000003,0,0,REJ,1,60,1,40,Probe
1551086705.51626,192.168.0.105,33364,192.168.0.104,1052,tcp,0.000004,0,0,REJ,1,60,1,40,Probe
1551086705.55946,192.168.0.105,37418,192.168.0.104,3871,tcp,0.000004,0,0,REJ,1,60,1,40,Probe
1551086705.51742,192.168.0.105,42552,192.168.0.104,40193,tcp,0.000004,0,0,REJ,1,60,1,40,Probe
1551086705.58209,192.168.0.105,46308,192.168.0.104,65389,tcp,0.000004,0,0,REJ,1,60,1,40,Probe
1551086705.51829,192.168.0.105,39916,192.168.0.104,1328,tcp,0.000004,0,0,REJ,1,60,1,40,Probe
1551086705.5194,192.168.0.105,57668,192.168.0.104,3945,tcp,0.000003,0,0,REJ,1,60,1,40,Probe
1551086705.50706,192.168.0.105,44644,192.168.0.104,9593,tcp,0.000004,0,0,REJ,1,60,1,40,Probe
1551086705.52646,192.168.0.105,36402,192.168.0.104,9618,tcp,0.000004,0,0,REJ,1,60,1,40,Probe
1551086705.59564,192.168.0.105,56290,192.168.0.104,1914,tcp,0.000003,0,0,REJ,1,60,1,40,Probe
1551086705.54906,192.168.0.105,40916,192.168.0.104,1461,tcp,0.000004,0,0,REJ,1,60,1,40,Probe
1551086705.54745,192.168.0.105,35516,192.168.0.104,3324,tcp,0.000003,0,0,REJ,1,60,1,40,Probe
1551086705.50806,192.168.0.105,40876,192.168.0.104,617,tcp,0.000005,0,0,REJ,1,60,1,40,Probe
1551086705.5495,192.168.0.105,56942,192.168.0.104,301,tcp,0.000003,0,0,REJ,1,60,1,40,Probe
1551086705.53559,192.168.0.105,43444,192.168.0.104,2323,tcp,0.000003,0,0,REJ,1,60,1,40,Probe
1551086705.5654,192.168.0.105,45364,192.168.0.104,7496,tcp,0.000004,0,0,REJ,1,60,1,40,Probe
1551086705.54709,192.168.0.105,50332,192.168.0.104,8899,tcp,0.000004,0,0,REJ,1,60,1,40,Probe
1551086705.52482,192.168.0.105,47260,192.168.0.104,3998,tcp,0.000005,0,0,REJ,1,60,1,40,Probe
1551086705.57519,192.168.0.105,50212,192.168.0.104,5200,tcp,0.000004,0,0,REJ,1,60,1,40,Probe
1551086705.54531,192.168.0.105,49930,192.168.0.104,1033,tcp,0.000004,0,0,REJ,1,60,1,40,Probe
1551086705.58299,192.168.0.105,49404,192.168.0.104,1687,tcp,0.000004,0,0,REJ,1,60,1,40,Probe
1551086705.59685,192.168.0.105,60840,192.168.0.104,1175,tcp,0.000004,0,0,REJ,1,60,1,40,Probe
1551086705.57572,192.168.0.105,33944,192.168.0.104,14441,tcp,0.000004,0,0,REJ,1,60,1,40,Probe
1551086705.55222,192.168.0.105,55230,192.168.0.104,1999,tcp,0.000004,0,0,REJ,1,60,1,40,Probe
1551086705.53564,192.168.0.105,47374,192.168.0.104,8333,tcp,0.000004,0,0,REJ,1,60,1,40,Probe
1551086705.56567,192.168.0.105,35586,192.168.0.104,211,tcp,0.000003,0,0,REJ,1,60,1,40,Probe
1551086705.5839,192.168.0.105,57240,192.168.0.104,1048,tcp,0.000004,0,0,REJ,1,60,1,40,Probe
1551086705.5948,192.168.0.105,40400,192.168.0.104,2251,tcp,0.000004,0,0,REJ,1,60,1,40,Probe
1551086705.50593,192.168.0.105,35246,192.168.0.104,5000,tcp,0.000004,0,0,REJ,1,60,1,40,Probe
1551086705.54926,192.168.0.105,50652,192.168.0.104,1974,tcp,0.000004,0,0,REJ,1,60,1,40,Probe
1551086705.54723,192.168.0.105,44112,192.168.0.104,10778,tcp,0.000004,0,0,REJ,1,60,1,40,Probe
1551086705.59732,192.168.0.105,36606,192.168.0.104,1434,tcp,0.000003,0,0,REJ,1,60,1,40,Probe
1551086705.51848,192.168.0.105,34274,192.168.0.104,49157,tcp,0.000004,0,0,REJ,1,60,1,40,Probe
1551086705.566,192.168.0.105,48978,192.168.0.104,49161,tcp,0.000004,0,0,REJ,1,60,1,40,Probe
1551086705.53623,192.168.0.105,51914,192.168.0.104,146,tcp,0.000004,0,0,REJ,1,60,1,40,Probe
1551086705.59745,192.168.0.105,34436,192.168.0.104,1198,tcp,0.000004,0,0,REJ,1,60,1,40,Probe
1551086705.58046,192.168.0.105,42668,192.168.0.104,3878,tcp,0.000004,0,0,REJ,1,60,1,40,Probe
1551086705.53545,192.168.0.105,39328,192.168.0.104,5298,tcp,0.000003,0,0,REJ,1,60,1,40,Probe
1551086705.58302,192.168.0.105,43266,192.168.0.104,990,tcp,0.000003,0,0,REJ,1,60,1,40,Probe
1551086705.56796,192.168.0.105,43764,192.168.0.104,5999,tcp,0.000003,0,0,REJ,1,60,1,40,Probe
1551086705.58106,192.168.0.105,57468,192.168.0.104,280,tcp,0.000004,0,0,REJ,1,60,1,40,Probe
1551086705.55687,192.168.0.105,44518,192.168.0.104,700,tcp,0.000005,0,0,REJ,1,60,1,40,Probe
1551086705.50615,192.168.0.105,38294,192.168.0.104,2196,tcp,0.000004,0,0,REJ,1,60,1,40,Probe
1551086705.59767,192.168.0.105,39044,192.168.0.104,5815,tcp,0.000004,0,0,REJ,1,60,1,40,Probe
1551086705.50792,192.168.0.105,51022,192.168.0.104,6001,tcp,0.000004,0,0,REJ,1,60,1,40,Probe
1551086705.50453,192.168.0.105,47346,192.168.0.104,445,tcp,0.000017,0,0,REJ,1,60,1,40,Probe
1551086705.54811,192.168.0.105,52044,192.168.0.104,13783,tcp,0.000004,0,0,REJ,1,60,1,40,Probe
1551086705.56537,192.168.0.105,57382,192.168.0.104,32779,tcp,0.000004,0,0,REJ,1,60,1,40,Probe
1551086705.53375,192.168.0.105,58566,192.168.0.104,1501,tcp,0.000003,0,0,REJ,1,60,1,40,Probe
1551086705.5142,192.168.0.105,49108,192.168.0.104,3301,tcp,0.000004,0,0,REJ,1,60,1,40,Probe
1551086705.57611,192.168.0.105,51302,192.168.0.104,3323,tcp,0.000005,0,0,REJ,1,60,1,40,Probe
1551086705.52786,192.168.0.105,54210,192.168.0.104,3268,tcp,0.000004,0,0,REJ,1,60,1,40,Probe
1551086705.50438,192.168.0.105,51214,192.168.0.104,587,tcp,0.000004,0,0,REJ,1,60,1,40,Probe
1551086705.56553,192.168.0.105,55942,192.168.0.104,6007,tcp,0.000004,0,0,REJ,1,60,1,40,Probe
1551086705.507,192.168.0.105,51620,192.168.0.104,8291,tcp,0.000004,0,0,REJ,1,60,1,40,Probe
1551086705.51762,192.168.0.105,50468,192.168.0.104,32768,tcp,0.000004,0,0,REJ,1,60,1,40,Probe
1551086705.55148,192.168.0.105,56702,192.168.0.104,28201,tcp,0.000003,0,0,REJ,1,60,1,40,Probe
1551086705.58201,192.168.0.105,51404,192.168.0.104,38292,tcp,0.000004,0,0,REJ,1,60,1,40,Probe
1551086705.54994,192.168.0.105,49598,192.168.0.104,9943,tcp,0.000003,0,0,REJ,1,60,1,40,Probe
1551086705.51681,192.168.0.105,54296,192.168.0.104,1028,tcp,0.000004,0,0,REJ,1,60,1,40,Probe
1551086705.51905,192.168.0.105,43218,192.168.0.104,6106,tcp,0.000004,0,0,REJ,1,60,1,40,Probe
1551086705.54599,192.168.0.105,48400,192.168.0.104,81,tcp,0.000003,0,0,REJ,1,60,1,40,Probe
1551086705.57478,192.168.0.105,36482,192.168.0.104,787,tcp,0.000003,0,0,REJ,1,60,1,40,Probe
1551086705.51793,192.168.0.105,46486,192.168.0.104,5959,tcp,0.000004,0,0,REJ,1,60,1,40,Probe
1551086705.53477,192.168.0.105,35224,192.168.0.104,1840,tcp,0.000003,0,0,REJ,1,60,1,40,Probe
1551086705.53345,192.168.0.105,51674,192.168.0.104,83,tcp,0.000003,0,0,REJ,1,60,1,40,Probe
1551086705.54702,192.168.0.105,39966,192.168.0.104,3300,tcp,0.000004,0,0,REJ,1,60,1,40,Probe
1551086705.50512,192.168.0.105,59712,192.168.0.104,256,tcp,0.000004,0,0,REJ,1,60,1,40,Probe
1551086705.55736,192.168.0.105,60154,192.168.0.104,8181,tcp,0.000003,0,0,REJ,1,60,1,40,Probe
1551086705.58219,192.168.0.105,58146,192.168.0.104,2030,tcp,0.000003,0,0,REJ,1,60,1,40,Probe
1551086705.57311,192.168.0.105,56648,192.168.0.104,1984,tcp,0.000003,0,0,REJ,1,60,1,40,Probe
1551086705.58368,192.168.0.105,55054,192.168.0.104,5225,tcp,0.000004,0,0,REJ,1,60,1,40,Probe
1551086705.59532,192.168.0.105,59250,192.168.0.104,15003,tcp,0.000003,0,0,REJ,1,60,1,40,Probe
1551086705.54392,192.168.0.105,55938,192.168.0.104,20221,tcp,0.000004,0,0,REJ,1,60,1,40,Probe
1551086705.50497,192.168.0.105,54130,192.168.0.104,22,tcp,0.000004,0,0,REJ,1,60,1,40,Probe
1551086705.56783,192.168.0.105,48742,192.168.0.104,17877,tcp,0.000003,0,0,REJ,1,60,1,40,Probe
1551086705.53404,192.168.0.105,49404,192.168.0.104,32777,tcp,0.000003,0,0,REJ,1,60,1,40,Probe
1551087251.32715,192.168.0.104,55688,151.101.112.133,443,tcp,1.629652,1,31,SF,4,184,3,187,normal
1551087252.13068,192.168.0.104,41707,192.168.0.1,53,udp,4.422652,612,1222,SF,17,1088,17,1698,normal
1551087252.9448,192.168.0.104,47778,172.217.21.206,443,tcp,0.104489,610,3940,S1,8,1046,8,4433,normal
1551087249.79113,192.168.0.104,40212,192.30.253.125,443,tcp,0.10704,1,0,OTH,1,52,1,52,normal
1551087251.58311,192.168.0.104,40224,192.30.253.125,443,tcp,0.104655,1,0,OTH,1,52,1,52,normal
1551087255.16712,192.168.0.104,40226,192.30.253.125,443,tcp,0.102166,1,0,OTH,1,52,1,52,normal
1551087252.94459,192.168.0.104,55680,151.101.112.133,443,tcp,0.012249,0,31,SF,3,132,2,135,normal
1551087252.94446,192.168.0.104,55716,151.101.112.133,443,tcp,0.016785,0,31,SF,3,132,2,135,normal
1551087255.42316,192.168.0.104,38286,185.199.110.154,443,tcp,0.014817,1,0,OTH,1,52,1,52,normal
1551087252.94455,192.168.0.104,55772,151.101.112.133,443,tcp,0.014411,0,31,SF,3,132,2,135,normal
1551087253.532,192.168.0.104,44742,172.217.23.165,443,tcp,3.082718,5210,122353,S1,93,10279,101,127656,normal
1551087252.60713,192.168.0.104,40230,192.30.253.125,443,tcp,0.158337,1,0,OTH,1,52,1,52,normal
1551087252.94451,192.168.0.104,55774,151.101.112.133,443,tcp,0.017362,0,31,SF,3,132,2,135,normal
1551087247.54761,192.168.0.104,46586,100.26.125.169,443,tcp,2.146475,0,32,OTH,1,52,2,136,normal
1551087252.94462,192.168.0.104,55682,151.101.112.133,443,tcp,0.012238,0,31,SF,3,132,2,135,normal
1551087251.12812,192.168.0.104,40270,192.30.253.125,443,tcp,0.105357,28,24,OTH,2,132,2,128,normal
1551087254.48983,192.168.0.104,47658,172.217.21.206,443,tcp,0.134925,3011,1207,OTH,11,3583,10,1727,normal
1551087255.25963,192.168.0.104,40282,192.30.253.125,443,tcp,0.101715,28,24,OTH,1,80,2,128,normal
1551087255.42311,192.168.0.104,45620,172.217.16.131,443,tcp,0.019266,1,0,OTH,1,52,1,52,normal
1551087247.54821,192.168.0.104,55950,35.170.0.145,443,tcp,1.225456,0,32,OTH,1,52,2,136,normal
1551087252.21873,192.168.0.104,33321,172.217.22.46,443,udp,0.066047,2197,2315,SF,5,2337,5,2455,normal
1551087252.21961,192.168.0.104,52157,172.217.18.99,443,udp,0.098252,4026,2500,SF,11,4334,12,2836,normal
1551087253.14009,192.168.0.104,45651,172.217.22.2,443,udp,0.091739,2028,2006,SF,6,2196,5,2146,normal
1551087254.98331,192.168.0.104,40427,172.217.21.206,443,udp,1.632319,1947,2008,SF,6,2115,5,2148,normal
1551087252.16205,192.168.0.104,47977,172.217.21.195,443,udp,4.42488,6049,1005733,SF,142,10025,756,1026901,normal
1551087255.97199,192.168.0.104,45482,172.217.22.35,443,udp,0.188369,3303,23877,SF,14,3695,20,24437,normal
1551087252.81065,192.168.0.104,58561,172.217.22.14,443,udp,0.567576,3893,5108,SF,8,4117,8,5332,normal
1551087253.99821,192.168.0.104,42047,172.217.16.142,443,udp,0.170236,6269,4737,SF,9,6521,7,4933,normal
1551087253.01723,192.168.0.104,35167,216.58.208.45,443,udp,0.161762,2973,2675,SF,8,3197,8,2899,normal
1551087253.9521,192.168.0.104,55842,172.217.16.142,443,udp,0.07021,1850,1771,SF,5,1990,5,1911,normal
1551087252.90828,192.168.0.104,43963,172.217.21.206,443,udp,3.710449,4079,5057,SF,10,4359,9,5309,normal
1551087252.16497,192.168.0.104,49172,172.217.22.35,443,udp,3.926082,3125,77423,SF,36,4133,61,79131,normal
1551087252.14444,192.168.0.104,44012,172.217.18.100,443,udp,0.068505,1922,2653,SF,6,2090,5,2793,normal
1551087252.13896,192.168.0.104,44007,172.217.18.100,443,udp,4.423528,5935,72357,SF,50,7335,81,74625,normal
1551087252.16303,192.168.0.104,58057,216.58.207.65,443,udp,0.080212,1445,1401,SF,4,1557,3,1485,normal
1551087256.56345,192.168.0.104,40582,172.217.18.14,443,udp,0.058277,2786,41881,SF,18,3290,32,42777,normal
1551087497.08717,192.168.0.104,44500,140.211.9.51,80,tcp,0.421035,0,0,RSTR,1,52,1,40,normal
1551087497.08721,192.168.0.104,44498,140.211.9.51,80,tcp,0.421036,0,0,RSTR,1,52,1,40,normal
1551087500.99221,192.168.0.104,56292,66.102.1.189,443,tcp,0.000151,0,56,SF,2,116,4,264,normal
1551087502.67543,192.168.0.104,51784,34.237.73.95,443,tcp,0.123751,0,0,SF,2,104,1,52,normal
1551087498.38877,192.168.0.104,41707,192.168.0.1,53,udp,5.344162,1122,3023,SF,30,1962,30,3863,normal
1551087496.68847,192.168.0.104,40282,192.30.253.125,443,tcp,0.101928,28,24,OTH,1,80,2,128,normal
1551087502.68921,192.168.0.104,53564,151.101.114.2,443,tcp,0.109897,610,7159,S1,7,982,5,7427,normal
1551087502.7238,192.168.0.104,53576,151.101.114.2,443,tcp,0.14335,610,7159,S1,8,1034,6,7479,normal
1551087502.68498,192.168.0.104,48612,23.57.19.23,443,tcp,0.969809,2039,6497,S1,14,2775,10,7025,normal
1551087502.71503,192.168.0.104,45162,104.96.32.180,443,tcp,0.120083,643,5385,S1,9,1119,7,5765,normal
1551087503.56245,192.168.0.104,58168,35.154.81.146,443,tcp,0.559738,1119,5869,S1,13,1803,11,6449,normal
1551087502.6929,192.168.0.104,35328,100.26.37.176,443,tcp,1.395767,1343,3655,S1,11,1923,9,4131,normal
1551087502.70472,192.168.0.104,45156,104.96.32.180,443,tcp,1.277812,3290,57526,S1,47,5742,47,59986,normal
1551087502.79253,192.168.0.104,52978,151.101.113.181,443,tcp,0.114589,610,6216,S1,9,1086,7,6588,normal
1551087502.76654,192.168.0.104,53430,95.100.197.166,443,tcp,0.065864,643,4104,S1,8,1079,6,5374,normal
1551087499.1354,192.168.0.104,44758,172.217.23.165,443,tcp,0.015022,1,0,OTH,1,52,1,52,normal
1551087502.70905,192.168.0.104,45160,104.96.32.180,443,tcp,0.110066,643,5384,S1,9,1119,7,5764,normal
1551087509.37514,192.168.0.104,59748,216.239.32.116,443,tcp,0.187606,4473,4815,S1,22,5625,23,6019,normal
1551087502.68657,192.168.0.104,53562,151.101.114.2,443,tcp,4.348237,9981,130673,S1,66,13421,58,133697,normal
1551087509.37518,192.168.0.104,59744,216.239.32.116,443,tcp,0.074646,610,3323,SF,11,1154,8,3747,normal
1551087502.74665,192.168.0.104,53580,151.101.114.2,443,tcp,0.078069,610,7159,S1,9,1098,7,8640,normal
1551087502.70866,192.168.0.104,45158,104.96.32.180,443,tcp,0.110469,643,5384,S1,9,1119,7,5764,normal
1551087502.76638,192.168.0.104,39014,52.222.251.74,443,tcp,0.066051,643,5714,S1,10,1183,8,7197,normal
1551087503.96185,192.168.0.104,58170,35.154.81.146,443,tcp,1.740904,13884,7847,S1,32,15568,26,9245,normal
1551087509.37519,192.168.0.104,59746,216.239.32.116,443,tcp,0.01625,0,0,S1,2,112,1,60,normal
1551087502.74123,192.168.0.104,37018,151.101.113.2,443,tcp,0.630507,1697,4298,S1,12,2329,8,4722,normal
1551087503.40972,192.168.0.104,48694,151.101.114.202,443,tcp,0.128927,1059,6924,S1,13,1743,12,7556,normal
1551087502.74693,192.168.0.104,40778,52.86.72.168,443,tcp,0.840743,1997,3284,S1,9,2473,6,3604,normal
1551087498.42066,192.168.0.104,35199,172.217.22.35,443,udp,0.083123,1445,1401,SF,4,1557,3,1485,normal
1551087499.0654,192.168.0.104,44686,172.217.22.14,443,udp,0.597842,2534,3386,SF,7,2730,8,3610,normal
1551087502.7586,192.168.0.104,60481,172.217.23.142,443,udp,0.789338,3828,2893,SF,10,4108,10,3173,normal
1551087502.80063,192.168.0.104,55998,216.58.207.74,443,udp,0.089769,1417,1401,SF,3,1501,3,1485,normal
1551087502.67461,192.168.0.104,47041,172.217.18.106,443,udp,0.07232,2198,1873,SF,5,2338,5,2013,normal
1551087502.69263,192.168.0.104,45762,172.217.18.3,443,udp,0.996861,2192,1819,SF,5,2332,6,1987,normal
1551087498.40999,192.168.0.104,54655,172.217.18.100,443,udp,5.265268,6693,73683,SF,59,8345,91,76231,normal
1551087502.68889,192.168.0.104,36682,74.125.133.156,443,udp,0.934577,2223,2312,SF,9,2475,8,2536,normal
1551087498.39516,192.168.0.104,44964,172.217.18.100,443,udp,0.085347,1922,2653,SF,6,2090,5,2793,normal
1551087503.96462,192.168.0.104,34388,172.217.22.35,443,udp,0.079847,1445,1401,SF,4,1557,3,1485,normal
1551087498.41318,192.168.0.104,56722,216.58.207.65,443,udp,0.078212,1445,1401,SF,4,1557,3,1485,normal
1551087503.73396,192.168.0.104,41933,172.217.21.206,443,udp,0.071137,1820,1831,SF,5,1960,4,1943,normal
1551087498.41157,192.168.0.104,39235,172.217.21.195,443,udp,0.049169,2767,1404,SF,4,2879,3,1488,normal
1551087656.33003,192.168.0.104,44568,140.211.9.51,80,tcp,0.170231,0,0,SH,1,52,1,52,normal
1551087656.33003,192.168.0.104,44566,140.211.9.51,80,tcp,0.172382,0,0,SH,1,52,1,52,normal
1551087656.33001,192.168.0.104,44570,140.211.9.51,80,tcp,0.165021,0,0,RSTR,1,52,1,40,normal
1551087653.00452,192.168.0.105,41702,192.168.0.1,53,udp,0.0556,64,184,SF,2,120,2,240,normal
1551087656.33031,192.168.0.104,41707,192.168.0.1,53,udp,3.957994,798,2308,SF,21,1386,21,2896,normal
1551087654.69733,192.168.0.104,37612,192.30.253.124,443,tcp,0.307254,28,24,OTH,1,80,2,128,normal
1551087658.62311,192.168.0.104,40270,192.30.253.125,443,tcp,0.09973,1,0,OTH,1,52,1,52,normal
1551087657.04453,192.168.0.104,45960,104.19.199.151,443,tcp,0.126593,940,9380,S1,13,1480,12,9872,normal
1551087658.62674,192.168.0.104,53658,104.16.119.145,443,tcp,0.060957,616,724,S1,6,888,6,1038,normal
1551087658.6501,192.168.0.104,36132,104.16.90.50,443,tcp,0.088596,610,6017,S1,9,1002,9,6458,normal
1551087658.68924,192.168.0.104,40856,52.222.250.9,443,tcp,1.337889,1296,738,S1,7,1668,6,1058,normal
1551087660.28864,192.168.0.104,45608,34.196.188.179,443,tcp,2.002139,3414,7579,S1,22,4566,19,8575,normal
1551087656.34967,192.168.0.104,47634,137.116.78.48,443,tcp,0.353669,610,5649,S1,6,930,3,5813,normal
1551087659.20623,192.168.0.104,33356,104.16.120.145,443,tcp,0.492422,1098,4712,S1,12,1598,11,5164,normal
1551087660.03192,192.168.0.104,46574,52.222.250.113,443,tcp,1.528361,8630,2096,S1,25,9950,24,3390,normal
1551087656.34827,192.168.0.104,47632,137.116.78.48,443,tcp,2.127304,1642,12115,S1,17,2968,13,14259,normal
1551087657.06211,192.168.0.104,58994,23.100.69.251,443,tcp,0.465022,1005,6115,S1,10,1533,7,6487,normal
1551087661.00413,192.168.0.104,46710,100.26.125.169,443,tcp,0.000006,0,32,OTH,1,52,1,84,normal
1551087657.06203,192.168.0.104,58984,23.100.69.251,443,tcp,0.485088,985,6110,S1,10,1513,7,6482,normal
1551087658.65038,192.168.0.104,41836,52.222.250.177,443,tcp,0.932751,1171,593,S1,7,1543,6,913,normal
1551087657.06209,192.168.0.104,58992,23.100.69.251,443,tcp,0.569068,1386,6575,S1,11,1966,8,6999,normal
1551087657.55444,192.168.0.104,54160,13.107.246.10,443,tcp,0.082625,1595,76917,S1,26,2655,33,78249,normal
1551087661.03398,192.168.0.104,51790,34.237.73.95,443,tcp,0.000024,0,32,OTH,1,52,1,84,normal
1551087657.5544,192.168.0.104,54156,13.107.246.10,443,tcp,0.120741,610,3585,S1,8,950,8,3917,normal
1551087657.55447,192.168.0.104,54162,13.107.246.10,443,tcp,0.120652,610,3585,S1,8,950,8,3917,normal
1551087658.57881,192.168.0.104,43490,104.16.120.127,443,tcp,2.824279,2991,40932,S1,55,5223,55,43175,normal
1551087657.06208,192.168.0.104,58990,23.100.69.251,443,tcp,0.473044,998,6123,S1,10,1526,7,6495,normal
1551087657.55435,192.168.0.104,54154,13.107.246.10,443,tcp,0.108778,610,3585,S1,8,950,8,3917,normal
1551087658.64417,192.168.0.104,33348,104.16.120.145,443,tcp,2.845873,2782,110177,S1,77,5906,72,113887,normal
1551087657.72828,192.168.0.104,54166,13.107.246.10,443,tcp,0.619631,1446,1110712,S1,189,12314,207,1164648,normal
1551087658.64367,192.168.0.104,44062,34.193.5.52,443,tcp,1.0002,2053,5344,S1,11,2633,8,5768,normal
1551087657.06206,192.168.0.104,58988,23.100.69.251,443,tcp,0.477054,1006,6131,S1,10,1534,7,6503,normal
1551087657.55449,192.168.0.104,54164,13.107.246.10,443,tcp,0.108679,610,3585,S1,8,950,8,3917,normal
1551087658.62654,192.168.0.104,42290,52.222.245.10,443,tcp,0.087236,569,152,S1,5,837,4,368,normal
1551087657.06205,192.168.0.104,58986,23.100.69.251,443,tcp,0.501107,983,6108,S1,10,1511,7,6480,normal
1551087657.55442,192.168.0.104,54158,13.107.246.10,443,tcp,0.120715,610,3585,S1,8,950,8,3917,normal
1551087658.6261,192.168.0.104,53654,104.16.119.145,443,tcp,0.116508,581,3535,S1,7,893,7,3889,normal
1551087657.00188,192.168.0.104,34002,172.217.18.99,443,udp,0.062734,1976,2315,SF,5,2116,5,2455,normal
1551087657.68855,192.168.0.104,54245,172.217.16.136,443,udp,0.571488,3733,22228,SF,16,4181,21,22816,normal
1551087658.61118,192.168.0.104,42027,172.217.22.14,443,udp,1.910535,4874,37142,SF,23,5518,36,38150,normal
1551087657.23692,192.168.0.104,48962,172.217.22.35,443,udp,0.072389,1445,1401,SF,4,1557,3,1485,normal
1551087657.03872,192.168.0.104,59461,216.58.207.74,443,udp,0.06925,1807,2707,SF,6,1975,6,2875,normal
1551087658.61092,192.168.0.104,55259,172.217.23.142,443,udp,0.911037,2232,1691,SF,6,2400,5,1831,normal
1551086705.56614,192.168.0.106,51026,192.168.0.104,6112,tcp,0.000004,0,0,REJ,1,60,1,40,Probe
1551086705.58092,192.168.0.106,60940,192.168.0.104,999,tcp,0.000004,0,0,REJ,1,60,1,40,Probe
1551086705.59474,192.168.0.106,38608,192.168.0.104,3828,tcp,0.000004,0,0,REJ,1,60,1,40,Probe
1551086705.54843,192.168.0.106,44556,192.168.0.104,1641,tcp,0.000004,0,0,REJ,1,60,1,40,Probe
1551086705.54934,192.168.0.106,44886,192.168.0.104,3390,tcp,0.000004,0,0,REJ,1,60,1,40,Probe
1551086705.54496,192.168.0.106,38994,192.168.0.104,3986,tcp,0.000004,0,0,REJ,1,60,1,40,Probe
1551086705.5338,192.168.0.106,45330,192.168.0.104,4446,tcp,0.000004,0,0,REJ,1,60,1,40,Probe
1551086705.57435,192.168.0.106,45718,192.168.0.104,7007,tcp,0.000004,0,0,REJ,1,60,1,40,Probe
1551086705.55124,192.168.0.106,38198,192.168.0.104,631,tcp,0.000004,0,0,REJ,1,60,1,40,Probe
1551086705.57294,192.168.0.106,44146,192.168.0.104,6646,tcp,0.000003,0,0,REJ,1,60,1,40,Probe
1551086705.57489,192.168.0.106,37626,192.168.0.104,1099,tcp,0.000004,0,0,REJ,1,60,1,40,Probe
1551086705.5963,192.168.0.106,51036,192.168.0.104,912,tcp,0.000003,0,0,REJ,1,60,1,40,Probe
1551086705.52757,192.168.0.106,45028,192.168.0.104,32771,tcp,0.000004,0,0,REJ,1,60,1,40,Probe
1551086705.52793,192.168.0.106,41680,192.168.0.104,1164,tcp,0.000004,0,0,REJ,1,60,1,40,Probe
1551086705.5144,192.168.0.106,58712,192.168.0.104,1072,tcp,0.000003,0,0,REJ,1,60,1,40,Probe
1551086705.53288,192.168.0.106,35486,192.168.0.104,1163,tcp,0.000004,0,0,REJ,1,60,1,40,Probe
1551086705.55744,192.168.0.106,53034,192.168.0.104,44176,tcp,0.000015,0,0,REJ,1,60,1,40,Probe
1551086705.5336,192.168.0.106,45730,192.168.0.104,1935,tcp,0.000003,0,0,REJ,1,60,1,40,Probe
1551086705.52509,192.168.0.106,48744,192.168.0.104,7741,tcp,0.000004,0,0,REJ,1,60,1,40,Probe
1551086705.55859,192.168.0.106,52128,192.168.0.104,9878,tcp,0.000003,0,0,REJ,1,60,1,40,Probe
1551086705.56022,192.168.0.106,56986,192.168.0.104,3370,tcp,0.000004,0,0,REJ,1,60,1,40,Probe
1551086705.51543,192.168.0.106,43790,192.168.0.104,50001,tcp,0.000005,0,0,REJ,1,60,1,40,Probe
1551086705.56727,192.168.0.106,43558,192.168.0.104,8086,tcp,0.000003,0,0,REJ,1,60,1,40,Probe
1551086705.59411,192.168.0.106,59244,192.168.0.104,3995,tcp,0.000003,0,0,REJ,1,60,1,40,Probe
1551086705.59465,192.168.0.106,51316,192.168.0.104,873,tcp,0.000004,0,0,REJ,1,60,1,40,Probe
1551086705.52692,192.168.0.106,55420,192.168.0.104,1123,tcp,0.000004,0,0,REJ,1,60,1,40,Probe
1551086705.51491,192.168.0.106,43890,192.168.0.104,9500,tcp,0.000004,0,0,REJ,1,60,1,40,Probe
1551086705.55183,192.168.0.106,48832,192.168.0.104,1216,tcp,0.000003,0,0,REJ,1,60,1,40,Probe
1551086705.59615,192.168.0.106,38080,192.168.0.104,2100,tcp,0.000003,0,0,REJ,1,60,1,40,Probe
1551086705.50519,192.168.0.106,38852,192.168.0.104,143,tcp,0.000004,0,0,REJ,1,60,1,40,Probe
1551086705.51586,192.168.0.106,56552,192.168.0.104,9900,tcp,0.000004,0,0,REJ,1,60,1,40,Probe
1551086705.55021,192.168.0.106,43574,192.168.0.104,9,tcp,0.000003,0,0,REJ,1,60,1,40,Probe
1551086705.57506,192.168.0.106,57186,192.168.0.104,1030,tcp,0.000003,0,0,REJ,1,60,1,40,Probe
1551086705.53448,192.168.0.106,46270,192.168.0.104,30000,tcp,0.000003,0,0,REJ,1,60,1,40,Probe
1551086705.5456,192.168.0.106,59752,192.168.0.104,7002,tcp,0.000004,0,0,REJ,1,60,1,40,Probe
1551086705.53446,192.168.0.106,52224,192.168.0.104,19842,tcp,0.000004,0,0,REJ,1,60,1,40,Probe
1551086705.57345,192.168.0.106,56254,192.168.0.104,7070,tcp,0.000004,0,0,REJ,1,60,1,40,Probe
1551086705.54429,192.168.0.106,36098,192.168.0.104,34573,tcp,0.000004,0,0,REJ,1,60,1,40,Probe
1551086705.52591,192.168.0.106,56558,192.168.0.104,7512,tcp,0.000004,0,0,REJ,1,60,1,40,Probe
1551086705.52522,192.168.0.106,54754,192.168.0.104,1042,tcp,0.000004,0,0,REJ,1,60,1,40,Probe
1551086705.51458,192.168.0.106,48518,192.168.0.104,20222,tcp,0.000004,0,0,REJ,1,60,1,40,Probe
1551086705.55133,192.168.0.106,36004,192.168.0.104,2038,tcp,0.000003,0,0,REJ,1,60,1,40,Probe
1551086705.57552,192.168.0.106,60682,192.168.0.104,5915,tcp,0.000004,0,0,REJ,1,60,1,40,Probe
1551086705.59637,192.168.0.106,60152,192.168.0.104,3580,tcp,0.000004,0,0,REJ,1,60,1,40,Probe
1551086705.59569,192.168.0.106,53304,192.168.0.104,56737,tcp,0.000003,0,0,REJ,1,60,1,40,Probe
1551086705.5967,192.168.0.106,59206,192.168.0.104,5811,tcp,0.000004,0,0,REJ,1,60,1,40,Probe
1551086705.52621,192.168.0.106,44888,192.168.0.104,10243,tcp,0.000004,0,0,REJ,1,60,1,40,Probe
1551086705.55168,192.168.0.106,41472,192.168.0.104,306,tcp,0.000004,0,0,REJ,1,60,1,40,Probe
1551086705.52015,192.168.0.106,48490,192.168.0.104,88,tcp,0.000005,0,0,REJ,1,60,1,40,Probe
1551086705.55802,192.168.0.106,58988,192.168.0.104,1036,tcp,0.000004,0,0,REJ,1,60,1,40,Probe
1551086705.58414,192.168.0.106,41272,192.168.0.104,6004,tcp,0.000003,0,0,REJ,1,60,1,40,Probe
1551086705.52654,192.168.0.106,35606,192.168.0.104,37,tcp,0.000004,0,0,REJ,1,60,1,40,Probe
1551086705.56635,192.168.0.106,32770,192.168.0.104,2717,tcp,0.000004,0,0,REJ,1,60,1,40,Probe
1551086705.57279,192.168.0.106,38288,192.168.0.104,25735,tcp,0.000004,0,0,REJ,1,60,1,40,Probe
1551086705.58319,192.168.0.106,60570,192.168.0.104,54328,tcp,0.000004,0,0,REJ,1,60,1,40,Probe
1551086705.51853,192.168.0.106,42988,192.168.0.104,1068,tcp,0.000004,0,0,REJ,1,60,1,40,Probe
1551086705.51668,192.168.0.106,43454,192.168.0.104,5679,tcp,0.000003,0,0,REJ,1,60,1,40,Probe
1551086705.51991,192.168.0.106,34494,192.168.0.104,9998,tcp,0.000003,0,0,REJ,1,60,1,40,Probe
1551086705.54804,192.168.0.106,37712,192.168.0.104,2065,tcp,0.000004,0,0,REJ,1,60,1,40,Probe
1551086705.54863,192.168.0.106,44288,192.168.0.104,4279,tcp,0.000004,0,0,REJ,1,60,1,40,Probe
1551086705.58383,192.168.0.106,57324,192.168.0.104,2710,tcp,0.000004,0,0,REJ,1,60,1,40,Probe
1551086705.59717,192.168.0.106,36740,192.168.0.104,6156,tcp,0.000003,0,0,REJ,1,60,1,40,Probe
1551086705.53594,192.168.0.106,35594,192.168.0.104,1524,tcp,0.000004,0,0,REJ,1,60,1,40,Probe
1551086705.52737,192.168.0.106,42374,192.168.0.104,30951,tcp,0.000004,0,0,REJ,1,60,1,40,Probe
1551086705.52709,192.168.0.106,35812,192.168.0.104,57294,tcp,0.000004,0,0,REJ,1,60,1,40,Probe
1551086705.55967,192.168.0.106,34234,192.168.0.104,1149,tcp,0.000004,0,0,REJ,1,60,1,40,Probe
1551086705.55976,192.168.0.106,49174,192.168.0.104,32772,tcp,0.000003,0,0,REJ,1,60,1,40,Probe
1551086705.57544,192.168.0.106,52008,192.168.0.104,801,tcp,0.000004,0,0,REJ,1,60,1,40,Probe
1551086705.54621,192.168.0.106,53936,192.168.0.104,4848,tcp,0.000003,0,0,REJ,1,60,1,40,Probe
1551086705.54397,192.168.0.106,38786,192.168.0.104,49154,tcp,0.000004,0,0,REJ,1,60,1,40,Probe
1551086705.50571,192.168.0.106,57262,192.168.0.104,4998,tcp,0.000005,0,0,REJ,1,60,1,40,Probe
1551086705.55176,192.168.0.106,54596,192.168.0.104,5009,tcp,0.000003,0,0,REJ,1,60,1,40,Probe
1551086705.5594,192.168.0.106,41662,192.168.0.104,3011,tcp,0.000004,0,0,REJ,1,60,1,40,Probe
1551086705.53505,192.168.0.106,34108,192.168.0.104,563,tcp,0.000003,0,0,REJ,1,60,1,40,Probe
1551086705.54851,192.168.0.106,55092,192.168.0.104,50006,tcp,0.000003,0,0,REJ,1,60,1,40,Probe
1551086705.52019,192.168.0.106,51354,192.168.0.104,20000,tcp,0.000003,0,0,REJ,1,60,1,40,Probe
1551086705.59515,192.168.0.106,40504,192.168.0.104,10009,tcp,0.000004,0,0,REJ,1,60,1,40,Probe
1551086705.54449,192.168.0.106,55976,192.168.0.104,7911,tcp,0.000004,0,0,REJ,1,60,1,40,Probe
1551086705.54555,192.168.0.106,48108,192.168.0.104,3737,tcp,0.000003,0,0,REJ,1,60,1,40,Probe
1551086705.52706,192.168.0.106,50698,192.168.0.104,1309,tcp,0.000005,0,0,REJ,1,60,1,40,Probe
1551086705.50529,192.168.0.106,60268,192.168.0.104,25,tcp,0.000003,0,0,REJ,1,60,1,40,Probe
1551086705.54636,192.168.0.106,40880,192.168.0.104,50636,tcp,0.000003,0,0,REJ,1,60,1,40,Probe
1551086705.54873,192.168.0.106,36238,192.168.0.104,1070,tcp,0.000003,0,0,REJ,1,60,1,40,Probe
1551086705.55696,192.168.0.106,51536,192.168.0.104,55555,tcp,0.000004,0,0,REJ,1,60,1,40,Probe
1551086705.56586,192.168.0.106,40214,192.168.0.104,1056,tcp,0.000004,0,0,REJ,1,60,1,40,Probe
1551086705.57302,192.168.0.106,58426,192.168.0.104,2170,tcp,0.000004,0,0,REJ,1,60,1,40,Probe
1551086705.52607,192.168.0.106,57876,192.168.0.104,783,tcp,0.000004,0,0,REJ,1,60,1,40,Probe
1551086705.53372,192.168.0.106,47810,192.168.0.104,31337,tcp,0.000004,0,0,REJ,1,60,1,40,Probe
1551086705.56581,192.168.0.106,47932,192.168.0.104,1096,tcp,0.000004,0,0,REJ,1,60,1,40,Probe
1551086705.56677,192.168.0.106,53658,192.168.0.104,691,tcp,0.000004,0,0,REJ,1,60,1,40,Probe
1551086705.54582,192.168.0.106,48834,192.168.0.104,1580,tcp,0.000004,0,0,REJ,1,60,1,40,Probe
1551086705.50548,192.168.0.106,52768,192.168.0.104,53,tcp,0.000004,0,0,REJ,1,60,1,40,Probe
1551086705.5474,192.168.0.106,50864,192.168.0.104,1443,tcp,0.000003,0,0,REJ,1,60,1,40,Probe
1551086705.56762,192.168.0.106,52398,192.168.0.104,1079,tcp,0.000004,0,0,REJ,1,60,1,40,Probe
1551086705.51855,192.168.0.106,40060,192.168.0.104,2179,tcp,0.000003,0,0,REJ,1,60,1,40,Probe
1551086705.56815,192.168.0.106,51490,192.168.0.104,1027,tcp,0.000005,0,0,REJ,1,60,1,40,Probe
1551086705.57252,192.168.0.106,37716,192.168.0.104,1073,tcp,0.000005,0,0,REJ,1,60,1,40,Probe
1551086705.53596,192.168.0.106,51414,192.168.0.104,5631,tcp,0.000003,0,0,REJ,1,60,1,40,Probe
1551086705.52632,192.168.0.106,34586,192.168.0.104,10025,tcp,0.000004,0,0,REJ,1,60,1,40,Probe
1551086705.58195,192.168.0.106,56768,192.168.0.104,2605,tcp,0.000004,0,0,REJ,1,60,1,40,Probe
1551086705.5355,192.168.0.106,44384,192.168.0.104,3827,tcp,0.000004,0,0,REJ,1,60,1,40,Probe
1551086705.52749,192.168.0.106,54036,192.168.0.104,49175,tcp,0.000004,0,0,REJ,1,60,1,40,Probe
1551086705.55028,192.168.0.106,43166,192.168.0.104,16000,tcp,0.000004,0,0,REJ,1,60,1,40,Probe
1551086705.51689,192.168.0.106,49468,192.168.0.104,19283,tcp,0.000003,0,0,REJ,1,60,1,40,Probe
1551086705.54762,192.168.0.106,55608,192.168.0.104,5678,tcp,0.000003,0,0,REJ,1,60,1,40,Probe
1551086705.58187,192.168.0.106,32848,192.168.0.104,32773,tcp,0.000004,0,0,REJ,1,60,1,40,Probe
1551086705.50601,192.168.0.106,59036,192.168.0.104,49155,tcp,0.000004,0,0,REJ,1,60,1,40,Probe
1551086705.51988,192.168.0.106,41248,192.168.0.104,32,tcp,0.000004,0,0,REJ,1,60,1,40,Probe
1551086705.53536,192.168.0.106,38916,192.168.0.104,1556,tcp,0.000004,0,0,REJ,1,60,1,40,Probe
1551086705.52577,192.168.0.106,38522,192.168.0.104,4002,tcp,0.000004,0,0,REJ,1,60,1,40,Probe
1551086705.53625,192.168.0.106,37442,192.168.0.104,22939,tcp,0.000003,0,0,REJ,1,60,1,40,Probe
1551086705.53618,192.168.0.106,46344,192.168.0.104,50300,tcp,0.000003,0,0,REJ,1,60,1,40,Probe
1551086705.54436,192.168.0.106,57712,192.168.0.104,7004,tcp,0.000005,0,0,REJ,1,60,1,40,Probe
1551086705.57443,192.168.0.106,48218,192.168.0.104,9876,tcp,0.000004,0,0,REJ,1,60,1,40,Probe
1551086705.59523,192.168.0.106,53724,192.168.0.104,1900,tcp,0.000004,0,0,REJ,1,60,1,40,Probe
1551086705.5457,192.168.0.106,55866,192.168.0.104,1500,tcp,0.000003,0,0,REJ,1,60,1,40,Probe
1551086705.57289,192.168.0.106,55182,192.168.0.104,13,tcp,0.000003,0,0,REJ,1,60,1,40,Probe
1551086705.50514,192.168.0.106,49728,192.168.0.104,995,tcp,0.000003,0,0,REJ,1,60,1,40,Probe
1551086705.51626,192.168.0.106,33364,192.168.0.104,1052,tcp,0.000004,0,0,REJ,1,60,1,40,Probe
1551086705.55946,192.168.0.106,37418,192.168.0.104,3871,tcp,0.000004,0,0,REJ,1,60,1,40,Probe
1551086705.51742,192.168.0.106,42552,192.168.0.104,40193,tcp,0.000004,0,0,REJ,1,60,1,40,Probe
1551086705.58209,192.168.0.106,46308,192.168.0.104,65389,tcp,0.000004,0,0,REJ,1,60,1,40,Probe
1551086705.51829,192.168.0.106,39916,192.168.0.104,1328,tcp,0.000004,0,0,REJ,1,60,1,40,Probe
1551086705.5194,192.168.0.106,57668,192.168.0.104,3945,tcp,0.000003,0,0,REJ,1,60,1,40,Probe
1551086705.50706,192.168.0.106,44644,192.168.0.104,9593,tcp,0.000004,0,0,REJ,1,60,1,40,Probe
1551086705.52646,192.168.0.106,36402,192.168.0.104,9618,tcp,0.000004,0,0,REJ,1,60,1,40,Probe
1551086705.59564,192.168.0.106,56290,192.168.0.104,1914,tcp,0.000003,0,0,REJ,1,60,1,40,Probe
1551086705.54906,192.168.0.106,40916,192.168.0.104,1461,tcp,0.000004,0,0,REJ,1,60,1,40,Probe
1551086705.54745,192.168.0.106,35516,192.168.0.104,3324,tcp,0.000003,0,0,REJ,1,60,1,40,Probe
1551086705.50806,192.168.0.106,40876,192.168.0.104,617,tcp,0.000005,0,0,REJ,1,60,1,40,Probe
1551086705.5495,192.168.0.106,56942,192.168.0.104,301,tcp,0.000003,0,0,REJ,1,60,1,40,Probe
1551086705.53559,192.168.0.106,43444,192.168.0.104,2323,tcp,0.000003,0,0,REJ,1,60,1,40,Probe
1551086705.5654,192.168.0.106,45364,192.168.0.104,7496,tcp,0.000004,0,0,REJ,1,60,1,40,Probe
1551086705.54709,192.168.0.106,50332,192.168.0.104,8899,tcp,0.000004,0,0,REJ,1,60,1,40,Probe
1551086705.52482,192.168.0.106,47260,192.168.0.104,3998,tcp,0.000005,0,0,REJ,1,60,1,40,Probe
1551086705.57519,192.168.0.106,50212,192.168.0.104,5200,tcp,0.000004,0,0,REJ,1,60,1,40,Probe
1551086705.54531,192.168.0.106,49930,192.168.0.104,1033,tcp,0.000004,0,0,REJ,1,60,1,40,Probe
1551086705.58299,192.168.0.106,49404,192.168.0.104,1687,tcp,0.000004,0,0,REJ,1,60,1,40,Probe
1551086705.59685,192.168.0.106,60840,192.168.0.104,1175,tcp,0.000004,0,0,REJ,1,60,1,40,Probe
1551086705.57572,192.168.0.106,33944,192.168.0.104,14441,tcp,0.000004,0,0,REJ,1,60,1,40,Probe
1551086705.55222,192.168.0.106,55230,192.168.0.104,1999,tcp,0.000004,0,0,REJ,1,60,1,40,Probe
1551086705.53564,192.168.0.106,47374,192.168.0.104,8333,tcp,0.000004,0,0,REJ,1,60,1,40,Probe
1551086705.56567,192.168.0.106,35586,192.168.0.104,211,tcp,0.000003,0,0,REJ,1,60,1,40,Probe
1551086705.5839,192.168.0.106,57240,192.168.0.104,1048,tcp,0.000004,0,0,REJ,1,60,1,40,Probe
1551086705.5948,192.168.0.106,40400,192.168.0.104,2251,tcp,0.000004,0,0,REJ,1,60,1,40,Probe
1551086705.50593,192.168.0.106,35246,192.168.0.104,5000,tcp,0.000004,0,0,REJ,1,60,1,40,Probe
1551086705.54926,192.168.0.106,50652,192.168.0.104,1974,tcp,0.000004,0,0,REJ,1,60,1,40,Probe
1551086705.54723,192.168.0.106,44112,192.168.0.104,10778,tcp,0.000004,0,0,REJ,1,60,1,40,Probe
1551086705.59732,192.168.0.106,36606,192.168.0.104,1434,tcp,0.000003,0,0,REJ,1,60,1,40,Probe
1551086705.51848,192.168.0.106,34274,192.168.0.104,49157,tcp,0.000004,0,0,REJ,1,60,1,40,Probe
1551086705.566,192.168.0.106,48978,192.168.0.104,49161,tcp,0.000004,0,0,REJ,1,60,1,40,Probe
1551086705.53623,192.168.0.106,51914,192.168.0.104,146,tcp,0.000004,0,0,REJ,1,60,1,40,Probe
1551086705.59745,192.168.0.106,34436,192.168.0.104,1198,tcp,0.000004,0,0,REJ,1,60,1,40,Probe
1551086705.58046,192.168.0.106,42668,192.168.0.104,3878,tcp,0.000004,0,0,REJ,1,60,1,40,Probe
1551086705.53545,192.168.0.106,39328,192.168.0.104,5298,tcp,0.000003,0,0,REJ,1,60,1,40,Probe
1551086705.58302,192.168.0.106,43266,192.168.0.104,990,tcp,0.000003,0,0,REJ,1,60,1,40,Probe
1551086705.56796,192.168.0.106,43764,192.168.0.104,5999,tcp,0.000003,0,0,REJ,1,60,1,40,Probe
1551086705.58106,192.168.0.106,57468,192.168.0.104,280,tcp,0.000004,0,0,REJ,1,60,1,40,Probe
1551086705.55687,192.168.0.106,44518,192.168.0.104,700,tcp,0.000005,0,0,REJ,1,60,1,40,Probe
1551086705.50615,192.168.0.106,38294,192.168.0.104,2196,tcp,0.000004,0,0,REJ,1,60,1,40,Probe
1551086705.59767,192.168.0.106,39044,192.168.0.104,5815,tcp,0.000004,0,0,REJ,1,60,1,40,Probe
1551086705.50792,192.168.0.106,51022,192.168.0.104,6001,tcp,0.000004,0,0,REJ,1,60,1,40,Probe
1551086705.50453,192.168.0.106,47346,192.168.0.104,445,tcp,0.000017,0,0,REJ,1,60,1,40,Probe
1551086705.54811,192.168.0.106,52044,192.168.0.104,13783,tcp,0.000004,0,0,REJ,1,60,1,40,Probe
1551086705.56537,192.168.0.106,57382,192.168.0.104,32779,tcp,0.000004,0,0,REJ,1,60,1,40,Probe
1551086705.53375,192.168.0.106,58566,192.168.0.104,1501,tcp,0.000003,0,0,REJ,1,60,1,40,Probe
1551086705.5142,192.168.0.106,49108,192.168.0.104,3301,tcp,0.000004,0,0,REJ,1,60,1,40,Probe
1551086705.57611,192.168.0.106,51302,192.168.0.104,3323,tcp,0.000005,0,0,REJ,1,60,1,40,Probe
1551086705.52786,192.168.0.106,54210,192.168.0.104,3268,tcp,0.000004,0,0,REJ,1,60,1,40,Probe
1551086705.50438,192.168.0.106,51214,192.168.0.104,587,tcp,0.000004,0,0,REJ,1,60,1,40,Probe
1551086705.56553,192.168.0.106,55942,192.168.0.104,6007,tcp,0.000004,0,0,REJ,1,60,1,40,Probe
1551086705.507,192.168.0.106,51620,192.168.0.104,8291,tcp,0.000004,0,0,REJ,1,60,1,40,Probe
1551086705.51762,192.168.0.106,50468,192.168.0.104,32768,tcp,0.000004,0,0,REJ,1,60,1,40,Probe
1551086705.55148,192.168.0.106,56702,192.168.0.104,28201,tcp,0.000003,0,0,REJ,1,60,1,40,Probe
1551086705.58201,192.168.0.106,51404,192.168.0.104,38292,tcp,0.000004,0,0,REJ,1,60,1,40,Probe
1551086705.54994,192.168.0.106,49598,192.168.0.104,9943,tcp,0.000003,0,0,REJ,1,60,1,40,Probe
1551086705.51681,192.168.0.106,54296,192.168.0.104,1028,tcp,0.000004,0,0,REJ,1,60,1,40,Probe
1551086705.51905,192.168.0.106,43218,192.168.0.104,6106,tcp,0.000004,0,0,REJ,1,60,1,40,Probe
1551086705.54599,192.168.0.106,48400,192.168.0.104,81,tcp,0.000003,0,0,REJ,1,60,1,40,Probe
1551086705.57478,192.168.0.106,36482,192.168.0.104,787,tcp,0.000003,0,0,REJ,1,60,1,40,Probe
1551086705.51793,192.168.0.106,46486,192.168.0.104,5959,tcp,0.000004,0,0,REJ,1,60,1,40,Probe
1551086705.53477,192.168.0.106,35224,192.168.0.104,1840,tcp,0.000003,0,0,REJ,1,60,1,40,Probe
1551086705.53345,192.168.0.106,51674,192.168.0.104,83,tcp,0.000003,0,0,REJ,1,60,1,40,Probe
1551086705.54702,192.168.0.106,39966,192.168.0.104,3300,tcp,0.000004,0,0,REJ,1,60,1,40,Probe
1551086705.50512,192.168.0.106,59712,192.168.0.104,256,tcp,0.000004,0,0,REJ,1,60,1,40,Probe
1551086705.55736,192.168.0.106,60154,192.168.0.104,8181,tcp,0.000003,0,0,REJ,1,60,1,40,Probe
1551086705.58219,192.168.0.106,58146,192.168.0.104,2030,tcp,0.000003,0,0,REJ,1,60,1,40,Probe
1551086705.57311,192.168.0.106,56648,192.168.0.104,1984,tcp,0.000003,0,0,REJ,1,60,1,40,Probe
1551086705.58368,192.168.0.106,55054,192.168.0.104,5225,tcp,0.000004,0,0,REJ,1,60,1,40,Probe
1551086705.59532,192.168.0.106,59250,192.168.0.104,15003,tcp,0.000003,0,0,REJ,1,60,1,40,Probe
1551086705.54392,192.168.0.106,55938,192.168.0.104,20221,tcp,0.000004,0,0,REJ,1,60,1,40,Probe
1551086705.50497,192.168.0.106,54130,192.168.0.104,22,tcp,0.000004,0,0,REJ,1,60,1,40,Probe
1551086705.56783,192.168.0.106,48742,192.168.0.104,17877,tcp,0.000003,0,0,REJ,1,60,1,40,Probe
1551086705.53404,192.168.0.106,49404,192.168.0.104,32777,tcp,0.000003,0,0,REJ,1,60,1,40,Probe
1551087919.99111,192.168.0.104,56900,130.14.29.110,443,tcp,0.323658,643,3774,SF,12,1215,9,4250,normal
1551087921.08103,192.168.0.104,38040,165.112.7.19,443,tcp,0.318877,643,3878,SF,13,1267,10,4406,normal
1551087921.081,192.168.0.104,38038,165.112.7.19,443,tcp,2.618169,3131,54948,SF,67,6587,70,58596,normal
1551087919.99045,192.168.0.104,56898,130.14.29.110,443,tcp,4.322162,8718,1071249,SF,250,22229,334,1088637,normal
1551087920.07278,192.168.0.104,56902,130.14.29.110,443,tcp,10.828942,0,0,SF,4,216,2,112,normal
1551087920.85341,192.168.0.104,59568,34.193.254.51,443,tcp,10.25291,0,0,SF,4,216,2,112,normal
1551087917.13866,192.168.0.104,41707,192.168.0.1,53,udp,19.03873,2321,7233,SF,64,4113,64,9025,normal
1551087925.75274,192.168.0.104,50378,52.206.58.171,443,tcp,3.664752,3264,5602,S1,11,3844,8,6026,normal
1551087926.45667,192.168.0.104,44534,104.16.122.127,443,tcp,1.823186,1672,6418,S1,22,2572,20,7230,normal
1551087917.92045,192.168.0.104,34950,171.64.68.10,80,tcp,18.24269,1633,41919,SF,16,2473,13,42603,normal
1551087924.79848,192.168.0.104,59438,104.16.89.50,443,tcp,0.317615,1149,1878,S1,12,1649,10,2290,normal
1551087926.66763,192.168.0.104,43490,104.16.120.127,443,tcp,9.022004,2859,12864,OTH,33,4203,31,14166,normal
1551087935.74318,192.168.0.104,44670,140.211.9.51,80,tcp,0.355079,1,0,OTH,1,52,1,52,normal
1551087922.61027,192.168.0.104,36314,151.101.129.69,443,tcp,1.467785,2829,431696,S1,111,8753,133,438620,normal
1551087926.80545,192.168.0.104,43532,192.0.73.2,80,tcp,0.029562,442,1514,S1,5,662,4,1686,normal
1551087922.66849,192.168.0.104,46802,52.222.250.30,443,tcp,1.36747,1151,4477,S1,14,1899,11,5126,normal
1551087930.49511,192.168.0.104,40230,192.30.253.125,443,tcp,0.105052,1,0,OTH,1,52,1,52,normal
1551087917.92051,192.168.0.104,34952,171.64.68.10,80,tcp,18.242644,1860,50327,SF,20,2908,20,51375,normal
1551087929.54536,192.168.0.104,36288,104.16.90.50,443,tcp,0.092746,1557,112307,S1,30,2789,46,114237,normal
1551087926.45212,192.168.0.104,47292,91.232.156.82,80,tcp,0.843024,2378,55633,S1,24,3634,20,56681,normal
1551087927.49694,192.168.0.104,41686,198.71.233.197,443,tcp,7.846172,11682,63760,S1,47,14134,46,66160,normal
1551087926.80497,192.168.0.104,43526,192.0.73.2,80,tcp,0.026379,442,1897,S1,5,662,4,2069,normal
1551087914.87917,192.168.0.104,54480,52.222.250.254,443,tcp,0.01205,1,0,OTH,1,52,1,52,normal
1551087930.85356,192.168.0.104,41694,198.71.233.197,443,tcp,0.893779,2633,43644,S1,21,3733,24,44900,normal
1551087924.56942,192.168.0.104,33348,104.16.120.145,443,tcp,5.46203,1420,230229,OTH,82,4712,78,233380,normal
1551087922.61475,192.168.0.104,48788,23.57.19.23,443,tcp,1.264376,1404,429,S1,7,1776,6,749,normal
1551087922.62837,192.168.0.104,58434,104.16.31.34,443,tcp,0.658752,1160,10302,S1,17,1872,16,11023,normal
1551087923.8527,192.168.0.104,46868,198.252.206.25,443,tcp,0.474818,1529,3562,S1,10,2057,7,3934,normal
1551087927.64643,192.168.0.104,48388,185.199.108.154,443,tcp,0.098594,1009,5518,S1,10,1537,9,5994,normal
1551087919.74317,192.168.0.104,53888,35.241.24.90,443,tcp,0.016726,1,0,OTH,1,52,1,52,normal
1551087926.45514,192.168.0.104,47298,91.232.156.82,80,tcp,0.419544,1942,15895,S1,15,2730,11,16475,normal
1551087934.19259,192.168.0.104,58416,54.148.199.253,443,tcp,0.98503,2833,8422,S1,16,3673,13,9106,normal
1551087930.99869,192.168.0.104,41696,198.71.233.197,443,tcp,0.342796,603,152,S1,5,871,4,368,normal
1551087931.85015,192.168.0.104,56000,62.113.194.12,443,tcp,0.134804,923,157793,S1,50,2943,63,160325,normal
1551087926.80499,192.168.0.104,43528,192.0.73.2,80,tcp,0.079264,442,1514,S1,6,714,5,1780,normal
1551087922.61528,192.168.0.104,49968,18.185.14.252,443,tcp,1.478917,2027,3753,S1,10,2555,7,4125,normal
1551087922.6001,192.168.0.104,36312,151.101.129.69,443,tcp,11.588745,610,4478,RSTO,9,1086,7,4850,normal
1551087934.3632,192.168.0.104,39144,185.60.216.19,443,tcp,0.073141,1213,45374,S1,25,2521,27,46786,normal
1551087922.63009,192.168.0.104,43164,192.0.73.2,443,tcp,0.58683,1026,7928,S1,15,1658,14,8562,normal
1551087926.80477,192.168.0.104,43520,192.0.73.2,80,tcp,0.073216,442,1514,S1,5,674,4,1740,normal
1551087917.16394,192.168.0.104,34942,171.64.68.10,80,tcp,18.999224,1873,132914,SF,37,3805,40,135002,normal
1551087927.17524,192.168.0.104,58902,34.193.105.163,443,tcp,6.872748,8910,8561,S1,33,10634,30,10129,normal
1551087922.66147,192.168.0.104,39514,3.120.63.71,443,tcp,11.539258,643,3463,SF,11,1199,8,3887,normal
1551087936.17762,192.168.0.104,55772,62.113.194.2,443,tcp,0.0797,1051,103736,S1,32,2351,34,105108,normal
1551087914.87914,192.168.0.104,35322,172.217.23.163,443,tcp,0.018246,1,0,OTH,1,52,1,52,normal
1551087934.45073,192.168.0.104,51988,157.240.27.27,443,tcp,0.078597,1222,8883,S1,13,1906,13,9567,normal
1551087926.45503,192.168.0.104,47296,91.232.156.82,80,tcp,0.41445,930,1715,S1,6,1250,3,1879,normal
1551087926.23203,192.168.0.104,47290,91.232.156.82,80,tcp,0.699083,1454,7824,S1,9,1930,5,8092,normal
1551087926.23165,192.168.0.104,47288,91.232.156.82,80,tcp,0.301784,1310,15697,S1,12,1942,12,16329,normal
1551087917.16591,192.168.0.104,34944,171.64.68.10,80,tcp,18.997266,1220,128041,SF,30,2788,30,129609,normal
1551087917.38902,192.168.0.104,34946,171.64.68.10,80,tcp,18.774172,1665,191759,SF,53,4429,59,194835,normal
1551087914.5826,192.168.0.104,40270,192.30.253.125,443,tcp,0.100253,28,24,OTH,1,80,2,128,normal
1551087931.7896,192.168.0.104,39136,185.60.216.19,443,tcp,2.761445,1393,133167,S1,44,3689,41,135307,normal
1551087920.62736,192.168.0.104,59566,34.193.254.51,443,tcp,8.027795,2274,5972,S1,17,3166,15,6760,normal
1551087930.80013,192.168.0.104,41692,198.71.233.197,443,tcp,2.330586,1986,20766,S1,15,2774,17,21658,normal
1551087926.8048,192.168.0.104,43522,192.0.73.2,80,tcp,0.079481,442,1514,S1,5,674,4,1740,normal
1551087915.39117,192.168.0.104,40282,192.30.253.125,443,tcp,14.990732,29,24,OTH,2,132,3,180,normal
1551087926.45218,192.168.0.104,47294,91.232.156.82,80,tcp,0.088154,437,8346,S1,9,913,7,8718,normal
1551087926.66109,192.168.0.104,36664,52.222.250.176,443,tcp,2.788081,8532,2494,S1,26,9892,25,3802,normal
1551087926.80481,192.168.0.104,43524,192.0.73.2,80,tcp,0.02365,442,1514,S1,5,662,4,1686,normal
1551087931.01863,192.168.0.104,41698,198.71.233.197,443,tcp,0.352503,678,4785,S1,9,1154,7,5157,normal
1551087914.87918,192.168.0.104,47930,172.217.21.206,443,tcp,0.022478,1,0,OTH,1,52,1,52,normal
1551087923.74918,192.168.0.104,56580,52.4.225.124,443,tcp,7.785942,35136,48481,S1,50,37744,46,50881,normal
1551087922.94281,192.168.0.104,45960,104.19.199.151,443,tcp,10.34431,927,214887,OTH,105,5127,97,218767,normal
1551087924.78943,192.168.0.104,33356,104.16.120.145,443,tcp,0.614077,534,22836,OTH,22,1426,21,23707,normal
1551087925.75605,192.168.0.104,58266,52.222.250.224,443,tcp,0.075094,1138,593,S1,7,1510,5,861,normal
1551087926.04476,192.168.0.104,47134,52.222.250.41,443,tcp,3.406261,1928,1470,S1,9,2404,7,1842,normal
1551087917.92011,192.168.0.104,34948,171.64.68.10,80,tcp,18.242963,1650,11109,SF,14,2386,11,11689,normal
1551087923.75033,192.168.0.104,56582,52.4.225.124,443,tcp,10.438546,643,5387,RSTO,10,1171,8,5811,normal
1551087926.87515,192.168.0.104,39428,192.30.253.118,443,tcp,0.42399,1564,6498,S1,11,2144,10,7026,normal
1551087932.09018,192.168.0.104,53912,185.60.216.35,443,tcp,2.250644,5097,26680,S1,26,6457,22,27832,normal
1551087927.49657,192.168.0.104,41684,198.71.233.197,443,tcp,3.955528,8855,109221,S1,48,11359,61,112401,normal
1551087926.80543,192.168.0.104,43530,192.0.73.2,80,tcp,0.078832,442,1514,S1,5,674,4,1740,normal
1551087922.6683,192.168.0.104,46692,172.217.23.162,443,udp,0.065958,2805,4081,SF,4,2917,4,4193,normal
1551087926.78127,192.168.0.104,58800,172.217.22.35,443,udp,4.863613,2867,49904,SF,30,3707,42,51080,normal
1551087930.36857,192.168.0.104,52130,172.217.22.54,443,udp,0.077396,2120,17344,SF,11,2428,15,17764,normal
1551087930.42885,192.168.0.104,54598,216.58.207.33,443,udp,0.07078,2002,1539,SF,5,2142,4,1651,normal
1551087923.44479,192.168.0.104,37702,172.217.18.106,443,udp,0.080274,2226,1885,SF,6,2394,5,2025,normal
1551087926.71469,192.168.0.104,50832,216.58.207.74,443,udp,3.241125,1970,3209,SF,8,2194,7,3405,normal
1551087914.5785,192.168.0.104,33775,216.58.208.46,443,udp,17.590083,2015,27548,SF,21,2603,32,28444,normal
1551087922.62065,192.168.0.104,40072,172.217.23.162,443,udp,1.498223,5985,106050,SF,49,7357,88,108514,normal
1551087922.64932,192.168.0.104,44633,172.217.22.10,443,udp,0.328934,3535,40306,SF,20,4095,31,41174,normal
1551087916.26757,192.168.0.104,41705,172.217.21.206,443,udp,20.347324,4534,3785,SF,22,5150,18,4289,normal
1551087921.89381,192.168.0.104,48003,172.217.23.142,443,udp,10.179679,4861,3469,SF,18,5365,18,3973,normal
1551087922.66807,192.168.0.104,33565,172.217.23.162,443,udp,0.114333,2823,4101,SF,6,2991,5,4241,normal
1551087922.04617,192.168.0.104,45991,74.125.133.155,443,udp,10.006443,2221,1865,SF,8,2445,8,2089,normal
1551087929.75332,192.168.0.104,34192,172.217.22.78,443,udp,0.049221,2063,9798,SF,8,2287,10,10078,normal
1551087922.73348,192.168.0.104,3,172.217.23.162,3,icmp,0.00078,607,0,OTH,2,663,0,0,normal
1551088212.62294,192.168.0.104,49854,50.116.58.97,443,tcp,0.10375,0,0,SH,1,52,1,52,normal
1551088212.62296,192.168.0.104,49834,50.116.58.97,443,tcp,0.103417,0,0,SH,1,52,1,52,normal
1551088212.62299,192.168.0.104,49852,50.116.58.97,443,tcp,0.103706,0,0,SH,1,52,1,52,normal
1551088212.62301,192.168.0.104,49836,50.116.58.97,443,tcp,0.118098,0,0,SH,1,52,1,52,normal
1551088212.62303,192.168.0.104,49838,50.116.58.97,443,tcp,0.107736,0,0,SH,1,52,1,52,normal
1551088212.62305,192.168.0.104,49832,50.116.58.97,443,tcp,0.09144,0,0,SH,1,52,1,52,normal
1551088212.62309,192.168.0.104,58860,104.236.159.57,80,tcp,0.18353,0,0,SH,1,52,1,52,normal
1551088212.62328,192.168.0.104,58866,104.236.159.57,80,tcp,0.172854,0,0,SH,1,52,1,52,normal
1551088212.62331,192.168.0.104,58858,104.236.159.57,80,tcp,0.174117,0,0,SH,1,52,1,52,normal
1551088212.62332,192.168.0.104,58868,104.236.159.57,80,tcp,0.174483,0,0,SH,1,52,1,52,normal
1551088212.62333,192.168.0.104,58862,104.236.159.57,80,tcp,0.165546,0,0,SH,1,52,1,52,normal
1551088212.62335,192.168.0.104,58856,104.236.159.57,80,tcp,0.174469,0,0,SH,1,52,1,52,normal
1551088212.6228,192.168.0.104,56512,69.173.144.165,443,tcp,0.014053,0,0,SF,2,80,1,40,normal
1551088212.62275,192.168.0.104,33672,18.203.165.119,443,tcp,0.033101,0,31,SF,3,132,2,135,normal
1551088212.62278,192.168.0.104,33678,18.203.165.119,443,tcp,0.035346,0,31,SF,3,132,2,135,normal
1551088212.62336,192.168.0.104,54810,52.4.253.204,443,tcp,0.103608,0,0,SF,2,104,1,52,normal
1551088212.74953,192.168.0.104,47564,35.205.70.57,443,tcp,0.070293,643,3497,SF,9,1023,6,3749,normal
1551088219.65411,192.168.0.104,33970,52.210.120.88,443,tcp,0.000155,0,77,SF,2,116,5,337,normal
1551088219.65414,192.168.0.104,48860,52.6.202.23,443,tcp,0.000246,0,77,SF,3,168,5,337,normal
1551088219.65416,192.168.0.104,53394,52.212.240.102,443,tcp,0.003218,0,77,SF,5,212,5,337,normal
1551088213.69437,192.168.0.104,52210,52.218.96.201,443,tcp,10.086473,1206,64566,RSTO,25,2238,23,65507,normal
1551088213.69444,192.168.0.104,52212,52.218.96.201,443,tcp,10.086517,1206,110255,RSTO,38,2770,35,111721,normal
1551088213.6946,192.168.0.104,52218,52.218.96.201,443,tcp,10.086411,1206,140359,RSTO,38,2758,45,142180,normal
1551088213.69455,192.168.0.104,52216,52.218.96.201,443,tcp,10.086507,1206,229609,RSTO,47,3118,52,231710,normal
1551088213.6945,192.168.0.104,52214,52.218.96.201,443,tcp,10.086602,1206,472828,RSTO,105,5450,113,477414,normal
1551088219.8334,192.168.0.104,51734,35.153.150.151,443,tcp,3.947774,0,31,RSTOS0,2,104,1,83,normal
1551088213.17595,192.168.0.104,38898,52.216.232.85,443,tcp,10.605263,1127,147794,RSTO,45,2971,41,149500,normal
1551088223.8544,192.168.0.104,60048,216.239.32.116,443,tcp,0.000878,0,63,SF,1,52,3,219,normal
1551088224.92105,192.168.0.104,48788,23.57.19.23,443,tcp,0.014187,0,31,SF,3,132,2,135,normal
1551088215.47205,192.168.0.104,37362,52.222.250.221,443,tcp,11.587883,568,152,SF,7,940,5,420,normal
1551088215.47258,192.168.0.104,37364,52.222.250.221,443,tcp,11.591402,568,152,SF,7,940,5,420,normal
1551088212.62367,192.168.0.104,41707,192.168.0.1,53,udp,16.976182,984,2670,SF,26,1712,26,3398,normal
1551088217.98324,192.168.0.104,43854,192.30.253.117,443,tcp,30.854692,1,24,RSTO,3,156,3,180,normal
1551088220.31914,192.168.0.104,54808,52.4.253.204,443,tcp,28.535044,1,31,RSTO,4,208,3,187,normal
1551088220.03115,192.168.0.104,33664,18.203.165.119,443,tcp,28.823115,1,31,RSTO,4,208,3,187,normal
1551088220.63917,192.168.0.104,33662,18.203.165.119,443,tcp,28.215137,1,31,RSTO,4,208,3,187,normal
1551088220.73513,192.168.0.104,33660,18.203.165.119,443,tcp,28.119221,1,31,RSTO,4,208,3,187,normal
1551088222.07943,192.168.0.104,55456,52.21.70.120,443,tcp,26.774956,1,31,RSTO,4,208,3,187,normal
1551088219.67005,192.168.0.104,49888,54.208.18.17,443,tcp,29.184394,1987,5375,RSTO,14,2735,11,5955,normal
1551088248.85449,192.168.0.104,36656,151.101.112.84,443,tcp,0.00961,0,31,SF,3,132,2,135,normal
1551088229.82508,192.168.0.104,58584,35.169.44.29,443,tcp,19.139788,0,0,SF,4,216,2,112,normal
1551088222.07948,192.168.0.104,58988,173.241.240.143,443,tcp,0.021696,1,0,OTH,1,40,1,40,normal
1551088215.93917,192.168.0.104,59574,52.222.250.18,443,tcp,0.011519,1,0,OTH,1,52,1,52,normal
1551088224.36127,192.168.0.104,46868,198.252.206.25,443,tcp,0.308567,39,61,OTH,1,91,2,165,normal
1551088232.32317,192.168.0.104,35078,151.101.114.49,443,tcp,0.021899,1,0,OTH,1,52,1,52,normal
1551088252.79913,192.168.0.104,53974,151.101.114.2,443,tcp,0.008603,1,0,OTH,1,52,1,52,normal
1551088250.75123,192.168.0.104,55264,52.222.250.57,443,tcp,0.038635,1,0,OTH,1,52,1,52,normal
1551088226.20167,192.168.0.104,58434,104.16.31.34,443,tcp,0.02082,113,10255,OTH,11,553,10,10655,normal
1551088215.60094,192.168.0.104,40270,192.30.253.125,443,tcp,0.10191,28,24,OTH,1,80,2,128,normal
1551088242.55919,192.168.0.104,54150,151.101.112.134,443,tcp,0.011161,1,0,OTH,1,52,1,52,normal
1551088250.75119,192.168.0.104,34594,35.241.23.116,443,tcp,0.046324,1,0,OTH,1,52,1,52,normal
1551088250.75119,192.168.0.104,34596,35.241.23.116,443,tcp,0.046293,1,0,OTH,1,52,1,52,normal
1551088215.30031,192.168.0.104,52952,52.7.194.123,443,tcp,0.490833,1528,5684,S1,9,2004,7,6056,normal
1551088215.41079,192.168.0.104,57050,34.251.86.222,443,tcp,0.190238,1676,6371,S1,15,2464,14,7107,normal
1551088228.29116,192.168.0.104,57224,139.15.248.71,443,tcp,29.656677,1,0,RSTRH,1,52,2,92,normal
1551088228.29118,192.168.0.104,57222,139.15.248.71,443,tcp,29.656685,1,0,RSTRH,1,52,2,92,normal
1551088231.29515,192.168.0.104,40282,192.30.253.125,443,tcp,15.184155,29,24,OTH,2,132,3,180,normal
1551088254.8472,192.168.0.104,43490,104.16.120.127,443,tcp,0.011528,1,0,OTH,1,40,1,40,normal
1551088226.17522,192.168.0.104,40734,192.0.77.2,443,tcp,0.009769,1,0,OTH,1,40,1,40,normal
1551088241.62577,192.168.0.104,47010,100.26.125.169,443,tcp,16.939614,288,357,OTH,3,444,3,513,normal
1551088242.55913,192.168.0.104,54162,151.101.112.134,443,tcp,0.011212,1,0,OTH,1,52,1,52,normal
1551088250.75121,192.168.0.104,42864,52.222.251.16,443,tcp,0.038672,1,0,OTH,1,52,1,52,normal
1551088215.67913,192.168.0.104,45960,104.19.199.151,443,tcp,0.011645,1,0,OTH,1,40,1,40,normal
1551088230.27113,192.168.0.104,57238,139.15.248.71,443,tcp,27.676719,1,0,RSTRH,1,52,2,92,normal
1551088230.52713,192.168.0.104,38916,52.222.250.39,443,tcp,0.008954,1,0,OTH,1,52,1,52,normal
1551088232.32318,192.168.0.104,48684,104.16.76.166,443,tcp,0.025267,1,0,OTH,1,40,1,40,normal
1551088252.79917,192.168.0.104,58266,52.222.250.224,443,tcp,0.010957,1,0,OTH,1,52,1,52,normal
1551088252.79919,192.168.0.104,36750,35.186.220.184,443,tcp,0.015306,1,0,OTH,1,52,1,52,normal
1551088213.80684,192.168.0.104,39208,185.60.216.19,443,tcp,45.153676,217,46339,OTH,16,1049,14,47067,normal
1551088211.83913,192.168.0.104,59872,104.18.167.29,443,tcp,45.066147,1,0,OTH,2,80,2,80,normal
1551088226.17524,192.168.0.104,44468,192.0.77.32,443,tcp,0.011776,1,0,OTH,1,40,1,40,normal
1551088254.84721,192.168.0.104,45224,151.101.1.140,443,tcp,0.010923,1,0,OTH,1,52,1,52,normal
1551088213.8037,192.168.0.104,33912,52.222.251.47,443,tcp,45.212325,1074,33915,S1,16,1926,15,36114,normal
1551088228.22322,192.168.0.104,53106,151.101.114.109,443,tcp,0.010252,1,0,OTH,1,52,1,52,normal
1551088230.15734,192.168.0.104,37188,198.145.13.11,443,tcp,2.180682,290,712,OTH,6,602,3,868,normal
1551088250.75122,192.168.0.104,38222,151.101.113.168,443,tcp,0.037977,1,0,OTH,1,52,1,52,normal
1551088213.88715,192.168.0.104,44512,104.16.221.29,443,tcp,45.103913,1,0,OTH,2,80,2,80,normal
1551088217.98323,192.168.0.104,42350,130.211.5.208,443,tcp,0.021702,1,0,OTH,1,52,1,52,normal
1551088218.06716,192.168.0.104,48818,151.101.114.217,443,tcp,0.020133,1,0,OTH,1,52,1,52,normal
1551088229.60008,192.168.0.104,58582,35.169.44.29,443,tcp,0.719667,1849,5769,S1,8,2273,8,6193,normal
1551088241.62594,192.168.0.104,56374,35.170.0.145,443,tcp,16.939455,288,357,OTH,3,444,3,513,normal
1551088250.75116,192.168.0.104,33356,104.16.120.145,443,tcp,0.040098,1,0,OTH,1,40,1,40,normal
1551088215.84783,192.168.0.104,43206,104.16.253.5,443,tcp,0.107297,1540,2885,S1,12,2040,10,3297,normal
1551088226.17525,192.168.0.104,41676,192.0.78.25,443,tcp,0.009762,1,0,OTH,1,40,1,40,normal
1551088232.32313,192.168.0.104,57924,151.101.112.64,443,tcp,0.021924,1,0,OTH,1,52,1,52,normal
1551088228.29117,192.168.0.104,54118,151.101.112.134,443,tcp,0.01061,1,0,OTH,1,52,1,52,normal
1551088244.60718,192.168.0.104,53796,52.222.245.171,443,tcp,0.039181,1,0,OTH,1,52,1,52,normal
1551088214.89142,192.168.0.104,53074,104.17.238.204,443,tcp,0.185756,1132,16236,S1,15,1752,18,16968,normal
1551088213.16967,192.168.0.104,52436,52.84.158.111,443,tcp,45.782021,1135,10521,S1,10,1663,9,10997,normal
1551088244.60717,192.168.0.104,48388,185.199.108.154,443,tcp,0.0392,1,0,OTH,1,52,1,52,normal
1551088213.80125,192.168.0.104,56296,62.113.194.12,443,tcp,0.424933,1007,7550,S1,13,1950,13,9453,normal
1551088215.34663,192.168.0.104,60666,104.16.249.5,443,tcp,0.394149,1431,3508,S1,15,2051,13,4040,normal
1551088220.03113,192.168.0.104,43884,104.244.42.67,443,tcp,0.018672,1,0,OTH,1,52,1,52,normal
1551088230.27118,192.168.0.104,57228,139.15.248.71,443,tcp,27.676604,1,0,RSTRH,1,52,2,92,normal
1551088212.75003,192.168.0.104,47566,35.205.70.57,443,tcp,3.110843,7335,1113853,S1,224,16423,271,1131805,normal
1551088214.78216,192.168.0.104,41424,104.17.69.176,443,tcp,0.170516,1089,29948,S1,19,1869,23,30880,normal
1551088242.55918,192.168.0.104,39022,151.101.192.134,443,tcp,0.01081,1,0,OTH,1,52,1,52,normal
1551088246.65518,192.168.0.104,36288,104.16.90.50,443,tcp,2.207607,1,0,SF,3,120,2,80,normal
1551088215.93913,192.168.0.104,33366,104.16.124.175,443,tcp,0.011844,1,0,OTH,1,40,1,40,normal
1551088222.07947,192.168.0.104,56510,69.173.144.165,443,tcp,0.013035,1,0,OTH,1,40,1,40,normal
1551088223.79062,192.168.0.104,35788,172.217.23.163,443,tcp,0.110875,2170,1490,S1,15,2958,14,2226,normal
1551088214.76828,192.168.0.104,46558,23.60.197.145,443,tcp,0.525202,1175,4763,S1,10,1703,9,5239,normal
1551088254.84712,192.168.0.104,34324,64.233.166.188,5228,tcp,0.018249,1,0,OTH,1,52,1,52,normal
1551088213.73008,192.168.0.104,42070,147.75.81.98,443,tcp,1.060295,315,2946,OTH,6,627,5,3206,normal
1551088215.45107,192.168.0.104,37360,52.222.250.221,443,tcp,0.255572,1072,1279,S1,8,1496,6,1599,normal
1551088226.17519,192.168.0.104,48398,192.0.76.3,443,tcp,0.009513,1,0,OTH,1,40,1,40,normal
1551088230.27117,192.168.0.104,57232,139.15.248.71,443,tcp,27.676661,1,0,RSTRH,1,52,2,92,normal
1551088213.25053,192.168.0.104,47818,104.17.211.204,443,tcp,2.587841,1162,5695,S1,19,2357,16,7232,normal
1551088230.27118,192.168.0.104,57226,139.15.248.71,443,tcp,27.676665,1,0,RSTRH,1,52,2,92,normal
1551088248.85471,192.168.0.104,49898,54.208.18.17,443,tcp,0.520375,1818,403,S1,7,2190,6,723,normal
1551088229.44197,192.168.0.104,57308,151.101.113.186,443,tcp,0.101779,950,8483,S1,14,1686,12,9115,normal
1551088230.27119,192.168.0.104,57234,139.15.248.71,443,tcp,27.676626,1,0,RSTRH,1,52,2,92,normal
1551088250.75122,192.168.0.104,50106,151.101.112.175,443,tcp,0.038253,1,0,OTH,1,52,1,52,normal
1551088211.84404,192.168.0.104,49266,169.44.99.105,443,tcp,40.37028,175,155,OTH,7,539,10,675,normal
1551088226.17523,192.168.0.104,45412,192.0.78.22,443,tcp,0.011509,1,0,OTH,1,40,1,40,normal
1551088248.70314,192.168.0.104,43896,52.222.250.170,443,tcp,0.009186,1,0,OTH,1,52,1,52,normal
1551088213.88712,192.168.0.104,59784,34.193.254.51,443,tcp,14.342675,1,77,SF,4,208,5,337,normal
1551088248.70314,192.168.0.104,60938,52.222.250.204,443,tcp,0.008914,1,0,OTH,1,52,1,52,normal
1551088254.84722,192.168.0.104,44534,104.16.122.127,443,tcp,0.0099,1,0,OTH,1,40,1,40,normal
1551088216.73517,192.168.0.104,53372,185.199.108.153,443,tcp,0.01028,1,0,OTH,1,52,1,52,normal
1551088218.55913,192.168.0.104,55760,52.222.250.210,443,tcp,0.025151,1,0,OTH,1,52,1,52,normal
1551088225.97452,192.168.0.104,36314,151.101.129.69,443,tcp,0.339712,847,26673,OTH,20,1899,18,28929,normal
1551088226.17526,192.168.0.104,51900,192.0.78.19,443,tcp,0.010015,1,0,OTH,1,40,1,40,normal
1551088250.7512,192.168.0.104,34598,35.241.23.116,443,tcp,0.046301,1,0,OTH,1,52,1,52,normal
1551088220.03111,192.168.0.104,43298,192.0.73.2,443,tcp,0.011744,1,0,OTH,1,40,1,40,normal
1551088254.84716,192.168.0.104,33348,104.16.120.145,443,tcp,0.011236,1,0,OTH,1,40,1,40,normal
1551088240.51113,192.168.0.104,59438,104.16.89.50,443,tcp,0.010994,1,0,OTH,1,40,1,40,normal
1551088245.37512,192.168.0.104,40230,192.30.253.125,443,tcp,0.410411,1,0,OTH,1,52,1,52,normal
1551088212.35123,192.168.0.104,59114,34.193.105.163,443,tcp,15.288956,1,77,SF,3,168,6,389,normal
1551088211.15926,192.168.0.104,33792,34.193.242.172,443,tcp,45.844646,432,272,OTH,8,906,7,686,normal
1551088214.10442,192.168.0.104,37344,52.222.250.221,443,tcp,1.391189,3150,87928,S1,40,5238,41,90068,normal
1551088217.9832,192.168.0.104,37878,107.178.240.159,443,tcp,0.02171,1,0,OTH,1,52,1,52,normal
1551088228.2232,192.168.0.104,42808,192.0.72.20,443,tcp,0.011169,1,0,OTH,1,40,1,40,normal
1551088230.2712,192.168.0.104,57230,139.15.248.71,443,tcp,27.676655,1,0,RSTRH,1,52,2,92,normal
1551088212.60713,192.168.0.104,53386,52.1.147.205,443,tcp,46.340038,1,0,OTH,2,104,1,52,normal
1551088217.93153,192.168.0.104,36664,52.222.250.176,443,tcp,9.605955,870,1244,OTH,12,1506,12,1906,normal
1551088244.60713,192.168.0.104,53418,52.222.250.101,443,tcp,0.039197,1,0,OTH,1,52,1,52,normal
1551088214.75427,192.168.0.104,39440,185.60.216.19,443,tcp,0.210408,964,115546,S1,40,3052,48,118050,normal
1551088248.70312,192.168.0.104,41974,151.101.114.110,443,tcp,0.010818,1,0,OTH,1,52,1,52,normal
1551088213.88619,192.168.0.104,54032,185.60.216.35,443,tcp,0.880372,4905,15022,OTH,19,5956,16,15985,normal
1551088215.64714,192.168.0.104,37742,50.19.60.226,443,tcp,0.105363,1,0,OTH,1,52,1,52,normal
1551088217.9316,192.168.0.104,47134,52.222.250.41,443,tcp,9.605909,2067,1904,OTH,7,2443,7,3000,normal
1551088254.84717,192.168.0.104,59102,151.101.113.140,443,tcp,0.00968,1,0,OTH,1,52,1,52,normal
1551088219.77078,192.168.0.104,43297,172.217.18.14,443,udp,0.485054,2786,2299,SF,6,2954,6,2467,normal
1551088215.04279,192.168.0.104,40834,172.217.21.206,443,udp,24.55723,2099,1495,SF,11,2407,10,1775,normal
1551088213.29506,192.168.0.104,58620,172.217.22.35,443,udp,15.01973,942,58266,SF,12,1278,48,59610,normal
1551088214.32,192.168.0.104,60952,172.217.18.99,443,udp,24.705481,507,182,SF,7,703,7,378,normal
1551088243.22485,192.168.0.104,53537,239.255.255.250,1900,udp,4.271099,688,0,S0,4,800,0,0,normal
1551088214.16505,192.168.0.104,51925,172.217.18.3,443,udp,0.262662,4223,3299,SF,9,4475,10,3579,normal
1551088210.16391,192.168.0.104,56062,172.217.21.195,443,udp,0.041801,23,20,SF,1,51,1,48,normal
1551088213.25222,192.168.0.104,47743,172.217.22.72,443,udp,15.040674,3405,27509,SF,17,3881,24,28181,normal
1551088213.80859,192.168.0.104,38071,172.217.23.142,443,udp,0.193953,3749,3579,SF,7,3945,7,3775,normal
1551088213.87492,192.168.0.104,57215,216.58.206.2,443,udp,0.12767,3739,4438,SF,7,3935,8,4662,normal
1551088212.88646,192.168.0.104,45485,216.58.207.74,443,udp,0.081159,360,1830,SF,4,472,5,1970,normal
1551088214.06151,192.168.0.104,32952,172.217.18.100,443,udp,25.538817,4794,3773,SF,13,5158,12,4109,normal
1551088214.25068,192.168.0.104,55247,216.58.207.78,443,udp,0.325414,46,40,SF,2,102,2,96,normal
1551088213.99443,192.168.0.104,41284,74.125.133.155,443,udp,0.171927,2096,3515,SF,7,2292,7,3711,normal
1551089669.79146,192.168.0.104,38394,162.213.33.12,443,tcp,0.023102,31,0,RSTR,2,135,2,80,Probe
1551089670.11723,192.168.0.104,38306,162.213.33.13,443,tcp,0.022708,31,0,RSTR,2,135,2,80,Probe
1551089673.91652,192.168.0.104,45324,91.189.92.18,443,tcp,0.022816,31,0,RSTR,2,135,1,40,Probe
1551089669.19315,192.168.0.104,41707,192.168.0.1,53,udp,7.272963,262,283,SF,6,430,6,451,Probe
1551089692.75727,192.168.0.105,5353,224.0.0.251,5353,udp,0.000032,90,0,S0,2,146,0,0,Probe
1551089669.14,192.168.0.104,50863,192.168.0.1,37381,udp,0.004231,16,0,S0,2,72,0,0,Probe
1551089676.30799,192.168.0.104,36808,192.168.0.105,37381,udp,0.003562,16,0,S0,2,72,0,0,Probe
1551089672.37672,192.168.0.104,36610,192.168.0.101,37381,udp,0.004193,16,0,S0,2,72,0,0,Probe
1551089672.24482,192.168.0.104,38278,192.168.0.100,37381,udp,0.403143,16,0,S0,2,72,0,0,Probe
1551089676.34697,192.168.0.104,34498,192.168.0.103,37381,udp,0.111804,16,0,S0,2,72,0,0,Probe
1551089672.38066,192.168.0.101,3,192.168.0.104,3,icmp,2.166869,150,0,OTH,3,234,0,0,Probe
1551089672.64765,192.168.0.100,3,192.168.0.104,3,icmp,2.063963,150,0,OTH,3,234,0,0,Probe
1551089676.4585,192.168.0.103,3,192.168.0.104,3,icmp,2.042273,150,0,OTH,3,234,0,0,Probe
1551089669.14349,192.168.0.1,3,192.168.0.104,3,icmp,0.003074,72,0,OTH,2,128,0,0,Probe
1551089676.31131,192.168.0.105,3,192.168.0.104,3,icmp,0.000439,72,0,OTH,2,128,0,0,Probe
1552753841.04735,192.168.0.104,46133,192.168.0.1,53,udp,1.073967,225,472,SF,6,393,6,640,normal
1552753841.07586,192.168.0.104,55996,151.101.113.2,443,tcp,0.089689,610,3930,S1,7,982,5,4198,normal
1552753840.51498,192.168.0.104,51162,104.16.121.127,443,tcp,1.800518,2189,17172,OTH,37,3669,40,18772,normal
1552753841.04694,192.168.0.104,49444,141.44.1.39,80,tcp,0.002487,0,0,SH,1,52,1,52,normal
1552753841.06732,192.168.0.104,55992,151.101.113.2,443,tcp,0.086246,610,3930,S1,8,1034,6,4250,normal
1552753841.42853,192.168.0.104,38772,192.229.233.25,443,tcp,0.013453,1278,369,OTH,2,1382,1,421,normal
1552753841.36684,192.168.0.104,45322,172.217.16.202,443,tcp,0.066736,1540,4946,S1,12,2172,12,5578,normal
1552753840.47383,192.168.0.104,51188,104.16.121.127,443,tcp,1.83064,1009,4757,OTH,18,1729,18,5477,normal
1552753840.50508,192.168.0.104,51316,52.222.250.92,443,tcp,1.144443,6280,1602,OTH,13,6956,15,2382,normal
1552753841.0675,192.168.0.104,55994,151.101.113.2,443,tcp,0.086106,610,3930,S1,8,1034,6,4250,normal
1552753841.2279,192.168.0.104,59542,104.244.42.136,443,tcp,0.130344,3284,251,OTH,6,3596,5,511,normal
1552753841.17533,192.168.0.104,45662,18.204.136.127,443,tcp,1.239252,7449,2183,OTH,21,8541,19,3171,normal
1552753840.5,192.168.0.104,36634,52.1.147.205,443,tcp,0.045545,0,614,OTH,1,52,1,666,normal
1552753841.06373,192.168.0.104,55990,151.101.113.2,443,tcp,1.138824,10022,98780,S1,63,13306,59,101856,normal
1552753842.12162,192.168.0.104,52896,172.217.23.174,443,udp,0.021223,299,283,SF,2,355,2,339,normal
1552753939.2267,192.168.0.104,46133,192.168.0.1,53,udp,4.366102,318,885,SF,9,570,9,1137,normal
1552753935.9346,192.168.0.104,38458,140.211.9.51,80,tcp,3.291767,0,0,SF,2,104,2,104,normal
1552753940.45651,192.168.0.104,54614,13.107.246.10,443,tcp,0.047985,610,3585,S1,10,1042,9,5417,normal
1552753939.62033,192.168.0.104,57818,104.18.228.122,443,tcp,1.196506,2359,861062,S1,137,7967,147,878950,normal
1552753940.4565,192.168.0.104,54612,13.107.246.10,443,tcp,1.497047,1314,24062,S1,22,2226,25,26534,normal
1552753943.46607,192.168.0.104,50752,104.131.32.209,443,tcp,0.384136,568,137,S1,5,836,4,353,normal
1552753937.05768,192.168.0.104,38790,151.101.112.133,443,tcp,0.019108,1,0,OTH,1,52,1,52,normal
1552753943.26217,192.168.0.104,50748,104.131.32.209,443,tcp,0.385256,568,137,S1,5,836,4,353,normal
1552753943.35351,192.168.0.104,50750,104.131.32.209,443,tcp,0.313377,568,137,S1,5,836,4,353,normal
1552753937.05764,192.168.0.104,51188,104.16.121.127,443,tcp,0.016537,1,0,OTH,1,40,1,40,normal
1552753935.93457,192.168.0.104,38456,140.211.9.51,80,tcp,3.291822,0,0,SF,2,104,2,104,normal
1552753937.05763,192.168.0.104,55990,151.101.113.2,443,tcp,0.015787,1,0,OTH,1,52,1,52,normal
1552753941.34182,192.168.0.104,41706,23.100.69.251,443,tcp,0.477183,1188,6866,S1,10,1716,11,7446,normal
1552753939.62101,192.168.0.104,57820,104.18.228.122,443,tcp,0.070708,581,2171,SF,9,961,6,2423,normal
1552753940.45647,192.168.0.104,54610,13.107.246.10,443,tcp,0.044558,610,3585,S1,10,1042,9,5417,normal
1552753937.05765,192.168.0.104,45996,185.199.110.154,443,tcp,0.017132,1,0,OTH,1,52,1,52,normal
1552753935.00976,192.168.0.104,38778,151.101.112.133,443,tcp,0.010686,1,0,OTH,1,52,1,52,normal
1552753935.00981,192.168.0.104,40748,93.184.220.29,80,tcp,0.013632,1,0,OTH,1,52,1,52,normal
1552753940.8728,192.168.0.104,50742,104.131.32.209,443,tcp,2.939713,4796,197787,S1,44,7092,49,200343,normal
1552753937.05761,192.168.0.104,38804,151.101.112.133,443,tcp,0.014445,1,0,OTH,1,52,1,52,normal
1552753943.61246,192.168.0.104,34820,172.217.23.174,443,tcp,0.064747,610,4008,S1,8,1046,8,4501,normal
1552753935.0098,192.168.0.104,38788,151.101.112.133,443,tcp,0.012634,1,0,OTH,1,52,1,52,normal
1552753940.87246,192.168.0.104,50740,104.131.32.209,443,tcp,2.901098,4734,179222,S1,44,7030,40,181310,normal
1552753937.05756,192.168.0.104,38802,151.101.112.133,443,tcp,0.014458,1,0,OTH,1,52,1,52,normal
1552753937.05766,192.168.0.104,38794,151.101.112.133,443,tcp,0.017648,1,0,OTH,1,52,1,52,normal
1552753941.34305,192.168.0.104,41708,23.100.69.251,443,tcp,1.291267,1625,7018,S1,14,2814,13,8128,normal
1552753939.15762,192.168.0.104,50092,54.84.185.96,443,tcp,0.105497,1,0,OTH,1,52,1,52,normal
1552753935.00982,192.168.0.104,45322,172.217.16.202,443,tcp,0.014532,1,0,OTH,1,52,1,52,normal
1552753937.05767,192.168.0.104,38792,151.101.112.133,443,tcp,0.018375,1,0,OTH,1,52,1,52,normal
1552753937.05762,192.168.0.104,51162,104.16.121.127,443,tcp,0.015081,1,0,OTH,1,40,1,40,normal
1552753943.5129,192.168.0.104,55581,216.58.210.8,443,udp,0.148656,3571,4479,SF,9,3823,8,4703,normal
1552753940.34183,192.168.0.104,60104,216.58.210.3,443,udp,0.091142,3332,5017,SF,7,3528,7,5213,normal
1552753940.95948,192.168.0.104,40851,172.217.18.174,443,udp,0.05389,2119,1693,SF,6,2287,5,1833,normal
1552753943.59309,192.168.0.104,42343,172.217.23.174,443,udp,0.080487,4575,4567,SF,9,4827,8,4791,normal
1552754094.98577,192.168.0.104,59566,52.222.250.93,443,tcp,0.16104,643,5020,SF,10,1159,7,5826,normal
1552754098.03607,192.168.0.104,58080,54.87.43.77,443,tcp,0.470663,1228,4607,SF,11,1784,9,5083,normal
1552754092.12436,192.168.0.104,46133,192.168.0.1,53,udp,11.989366,1252,3514,SF,34,2204,34,4466,normal
1552754092.70958,192.168.0.104,60610,104.244.42.129,443,tcp,0.115149,1,0,OTH,1,52,1,52,normal
1552754099.26515,192.168.0.104,35346,52.222.251.156,443,tcp,0.076216,1169,6013,S1,10,1697,9,6489,normal
1552754103.07207,192.168.0.104,33594,52.222.250.75,443,tcp,0.049418,1088,6414,S1,14,1824,11,6994,normal
1552754104.11252,192.168.0.104,49256,35.170.0.145,443,tcp,0.537791,1591,3462,S1,11,2171,9,3938,normal
1552754092.70955,192.168.0.104,52778,216.58.207.67,443,tcp,0.114928,1,0,OTH,1,52,1,52,normal
1552754099.73527,192.168.0.104,46876,104.16.90.50,443,tcp,0.081612,1557,112266,S1,31,2817,45,114078,normal
1552754103.4885,192.168.0.104,47536,52.222.250.144,443,tcp,0.590334,2638,8355,S1,18,3594,14,9129,normal
1552754096.80162,192.168.0.104,46970,35.201.83.59,443,tcp,0.014853,1,0,OTH,1,52,1,52,normal
1552754099.41909,192.168.0.104,50288,104.16.121.145,443,tcp,0.295322,126,133485,OTH,29,1286,28,134605,normal
1552754102.29136,192.168.0.104,58386,151.101.112.193,443,tcp,0.698464,1111,2072180,S1,225,12819,353,2090544,normal
1552754103.01299,192.168.0.104,50098,52.222.250.122,443,tcp,0.051992,1039,6403,S1,14,1775,11,6983,normal
1552754094.98529,192.168.0.104,59564,52.222.250.93,443,tcp,6.34446,4325,529593,S1,156,12481,204,541760,normal
1552754096.60552,192.168.0.104,38712,52.222.245.107,443,tcp,0.088037,643,5261,S1,9,1119,8,5685,normal
1552754097.74337,192.168.0.104,53702,104.16.123.175,443,tcp,0.069634,1066,3213,S1,12,1566,9,3585,normal
1552754099.44486,192.168.0.104,51162,104.16.121.127,443,tcp,0.23161,351,2889,OTH,7,643,7,3237,normal
1552754104.11391,192.168.0.104,49260,100.26.125.169,443,tcp,0.494579,1591,3462,S1,11,2171,9,3938,normal
1552754094.7538,192.168.0.104,33996,64.233.184.188,5228,tcp,0.070308,1,0,OTH,1,52,1,52,normal
1552754097.30389,192.168.0.104,44500,157.240.27.27,443,tcp,4.285654,1149,93926,S1,33,2873,35,95754,normal
1552754102.30518,192.168.0.104,41690,172.217.22.16,443,tcp,0.093408,610,3782,S1,8,1046,8,4275,normal
1552754092.70957,192.168.0.104,44066,104.244.42.3,443,tcp,0.121251,1,0,OTH,1,52,1,52,normal
1552754100.33127,192.168.0.104,52414,35.244.233.98,443,tcp,3.097689,6912,3039043,S1,487,32244,1078,3095107,normal
1552754102.16909,192.168.0.104,46772,52.71.227.128,443,tcp,0.476456,1964,5608,S1,10,2492,8,6032,normal
1552754099.08993,192.168.0.104,40970,151.101.112.134,443,tcp,0.15238,1939,4302,S1,9,2415,7,4674,normal
1552754096.80161,192.168.0.104,60170,88.221.214.65,80,tcp,0.013698,1,0,OTH,1,52,1,52,normal
1552754098.01918,192.168.0.104,36216,104.16.77.166,443,tcp,0.0697,581,2709,S1,7,893,7,3063,normal
1552754096.80163,192.168.0.104,59396,104.18.131.189,443,tcp,0.014814,1,0,OTH,1,40,1,40,normal
1552754099.36675,192.168.0.104,44634,52.5.229.22,443,tcp,0.584371,1515,3655,S1,11,2095,9,4131,normal
1552754103.01025,192.168.0.104,52426,35.244.233.98,443,tcp,0.161637,1031,4175,S1,13,1715,14,4911,normal
1552754096.60549,192.168.0.104,38710,52.222.245.107,443,tcp,2.726649,1874,1407511,S1,201,13114,238,1420854,normal
1552754099.42523,192.168.0.104,34304,52.222.250.41,443,tcp,0.29231,1284,738,S1,7,1656,5,1006,normal
1552754100.33204,192.168.0.104,52416,35.244.233.98,443,tcp,0.063699,610,3288,S1,7,994,7,3729,normal
1552754092.7056,192.168.0.104,60114,151.101.114.217,443,tcp,0.118849,1,0,OTH,1,52,1,52,normal
1552754097.44568,192.168.0.104,58016,157.240.27.35,443,tcp,5.533523,3539,1119,S1,15,4327,14,1855,normal
1552754094.75376,192.168.0.104,48828,173.241.240.143,443,tcp,0.073366,1,0,OTH,1,40,1,40,normal
1552754097.82373,192.168.0.104,40962,151.101.112.134,443,tcp,1.665815,2432,28824,S1,17,3324,18,29768,normal
1552754098.01891,192.168.0.104,56714,151.101.0.134,443,tcp,1.350315,4176,36732,S1,28,5640,25,38040,normal
1552754102.30526,192.168.0.104,41692,172.217.22.16,443,tcp,0.093313,610,3782,S1,8,1046,8,4275,normal
1552754094.75382,192.168.0.104,47510,52.222.250.83,443,tcp,0.062594,1,0,OTH,1,52,1,52,normal
1552754096.80159,192.168.0.104,48592,151.101.112.159,443,tcp,0.014315,1,0,OTH,1,52,1,52,normal
1552754099.4118,192.168.0.104,45986,52.222.250.220,443,tcp,0.410894,1244,651,S1,11,1824,8,1075,normal
1552754099.90822,192.168.0.104,56051,172.217.18.14,443,udp,2.637488,6924,610815,SF,66,8772,473,624059,normal
1552754097.36316,192.168.0.104,42963,172.217.16.196,443,udp,4.18086,3264,2328,SF,8,3488,9,2580,normal
1552754097.30052,192.168.0.104,58185,172.217.18.174,443,udp,4.074564,2535,1767,SF,7,2731,5,1907,normal
1552754099.94113,192.168.0.104,59831,172.217.22.46,443,udp,0.030578,2063,9800,SF,8,2287,10,10080,normal
1552754097.30418,192.168.0.104,48364,74.125.133.155,443,udp,0.068172,3578,4904,SF,8,3802,9,5156,normal
1552754097.96927,192.168.0.104,42343,172.217.23.174,443,udp,4.409629,421,389,SF,4,533,2,445,normal
1552754100.63529,192.168.0.104,38066,172.217.18.98,443,udp,0.772504,3815,5830,SF,10,4095,10,6110,normal
1552754096.70906,192.168.0.104,47359,216.58.207.42,443,udp,4.53162,3600,7411,SF,14,3992,14,7803,normal
1552754097.41313,192.168.0.104,38004,172.217.22.3,443,udp,4.134446,4300,4679,SF,11,4608,11,4987,normal
1552754096.77914,192.168.0.104,58981,172.217.16.131,443,udp,1.950543,2994,79553,SF,39,4086,63,81317,normal
1552754092.12717,192.168.0.104,55951,172.217.23.163,443,udp,0.155707,2288,4441,SF,9,2540,8,4665,normal
1552754100.63515,192.168.0.104,41989,172.217.22.40,443,udp,0.068203,1960,26524,SF,15,2380,23,27168,normal
1552754101.39146,192.168.0.104,46480,216.58.206.1,443,udp,0.054128,3372,5128,SF,7,3568,6,5296,normal
1552754101.39254,192.168.0.104,46590,172.217.22.22,443,udp,0.070627,3470,18699,SF,12,3806,16,19147,normal
1552754102.28086,192.168.0.104,48677,172.217.22.16,443,udp,0.314779,3499,31094,SF,17,3975,27,31850,normal
1552754162.33771,192.168.0.104,38802,151.101.112.133,443,tcp,0.076114,1,31,SF,4,184,3,187,normal
1552754160.28961,192.168.0.104,38778,151.101.112.133,443,tcp,2.126896,1,31,SF,4,184,3,187,normal
1552754160.28958,192.168.0.104,38788,151.101.112.133,443,tcp,2.126986,1,31,SF,4,184,3,187,normal
1552754162.3377,192.168.0.104,38804,151.101.112.133,443,tcp,0.078894,1,31,SF,4,184,3,187,normal
1552754162.3376,192.168.0.104,38790,151.101.112.133,443,tcp,0.079024,1,31,SF,4,184,3,187,normal
1552754162.33765,192.168.0.104,38794,151.101.112.133,443,tcp,0.079179,1,31,SF,4,184,3,187,normal
1552754162.33764,192.168.0.104,38792,151.101.112.133,443,tcp,0.079242,1,31,SF,4,184,3,187,normal
1552754166.54671,192.168.0.104,44500,157.240.27.27,443,tcp,0.001079,0,39,SF,2,104,3,195,normal
1552754162.40557,192.168.0.104,46133,192.168.0.1,53,udp,8.597984,639,1581,SF,17,1115,17,2057,normal
1552754162.75505,192.168.0.104,53980,107.161.23.202,443,tcp,2.226095,4130,280793,S1,51,6790,64,284129,normal
1552754161.82959,192.168.0.104,46950,192.30.253.124,443,tcp,8.820954,29,24,OTH,2,132,3,180,normal
1552754163.81177,192.168.0.104,53990,107.161.23.202,443,tcp,2.325209,3152,190085,S1,41,5292,54,192901,normal
1552754164.50935,192.168.0.104,49260,100.26.125.169,443,tcp,0.807201,157,32,OTH,2,261,2,136,normal
1552754162.33768,192.168.0.104,51188,104.16.121.127,443,tcp,0.020905,1,0,OTH,1,40,1,40,normal
1552754164.38554,192.168.0.104,60124,198.145.13.14,443,tcp,0.166382,1,0,OTH,1,52,1,52,normal
1552754162.75536,192.168.0.104,53982,107.161.23.202,443,tcp,3.996098,4742,356777,S1,72,8494,82,361049,normal
1552754163.87087,192.168.0.104,47384,209.197.3.15,443,tcp,0.083291,1114,91207,S1,27,2526,29,92723,normal
1552754166.83859,192.168.0.104,60248,104.19.199.151,443,tcp,0.102941,980,9188,S1,14,1560,14,9760,normal
1552754158.2416,192.168.0.104,59542,104.244.42.136,443,tcp,0.01126,1,0,OTH,1,52,1,52,normal
1552754158.24164,192.168.0.104,48810,35.241.24.90,443,tcp,0.020337,1,0,OTH,1,52,1,52,normal
1552754166.32592,192.168.0.104,47516,137.116.78.48,443,tcp,5.133746,1810,12115,S1,15,2598,12,12747,normal
1552754166.83997,192.168.0.104,41874,23.100.69.251,443,tcp,0.473582,1005,6115,S1,8,1429,5,6383,normal
1552754162.33769,192.168.0.104,55990,151.101.113.2,443,tcp,0.019934,1,0,OTH,1,52,1,52,normal
1552754166.84,192.168.0.104,41878,23.100.69.251,443,tcp,0.473574,1006,6131,S1,10,1534,7,6503,normal
1552754168.54158,192.168.0.104,50092,54.84.185.96,443,tcp,0.105693,1,0,OTH,1,52,1,52,normal
1552754163.42335,192.168.0.104,53988,107.161.23.202,443,tcp,1.60909,3609,259786,S1,59,6685,71,263486,normal
1552754158.24164,192.168.0.104,33484,104.25.218.21,443,tcp,0.020309,1,0,OTH,1,40,1,40,normal
1552754166.43356,192.168.0.104,57818,104.18.228.122,443,tcp,0.008457,1,0,OTH,1,40,1,40,normal
1552754166.83989,192.168.0.104,41868,23.100.69.251,443,tcp,0.501646,983,6108,S1,10,1511,7,6480,normal
1552754164.54483,192.168.0.104,49256,35.170.0.145,443,tcp,0.77319,157,32,OTH,2,261,2,136,normal
1552754165.94129,192.168.0.104,53996,107.161.23.202,443,tcp,0.648264,1047,7086,S1,8,1471,6,7406,normal
1552754166.83994,192.168.0.104,41872,23.100.69.251,443,tcp,0.581618,1384,6588,S1,10,1912,7,6960,normal
1552754162.33766,192.168.0.104,45996,185.199.110.154,443,tcp,0.020169,1,0,OTH,1,52,1,52,normal
1552754162.90681,192.168.0.104,53984,107.161.23.202,443,tcp,2.121855,4116,239159,S1,46,6516,57,242131,normal
1552754158.24165,192.168.0.104,55992,151.101.113.2,443,tcp,0.020318,1,0,OTH,1,52,1,52,normal
1552754163.4213,192.168.0.104,53986,107.161.23.202,443,tcp,2.51387,3215,452436,S1,84,7591,109,458112,normal
1552754166.83998,192.168.0.104,41876,23.100.69.251,443,tcp,0.493556,985,6110,S1,10,1513,7,6482,normal
1552754168.67743,192.168.0.104,36320,216.58.208.35,443,tcp,0.121938,4773,5736,S1,16,5613,14,6472,normal
1552754162.33772,192.168.0.104,46956,192.30.253.124,443,tcp,8.609896,29,24,OTH,2,132,3,180,normal
1552754163.83616,192.168.0.104,58856,23.60.200.144,443,tcp,0.049504,1146,9446,S1,11,1726,9,9922,normal
1552754166.31551,192.168.0.104,47514,137.116.78.48,443,tcp,0.378069,610,5649,S1,9,1086,6,5969,normal
1552754167.50211,192.168.0.104,54796,13.107.246.10,443,tcp,1.283057,1446,1110760,S1,203,13490,208,1122538,normal
1552754167.28239,192.168.0.104,54794,13.107.246.10,443,tcp,0.079255,1362,59827,S1,22,2262,26,60879,normal
1552754166.83992,192.168.0.104,41870,23.100.69.251,443,tcp,0.505631,1000,6110,S1,10,1528,7,6482,normal
1552754168.07988,192.168.0.104,58016,157.240.27.35,443,tcp,0.000133,0,39,SF,3,180,5,338,normal
1552754163.44693,192.168.0.104,49646,216.58.207.42,443,udp,3.408082,1994,3825,SF,8,2218,8,4049,normal
1552754163.44556,192.168.0.104,46088,172.217.16.131,443,udp,0.64761,2133,29380,SF,16,2581,24,30052,normal
1552754163.44783,192.168.0.104,57453,172.217.16.74,443,udp,0.409983,1828,7353,SF,7,2024,9,7605,normal
1552754168.54983,192.168.0.104,55275,239.255.255.250,1900,udp,3.002237,688,0,S0,4,800,0,0,normal
1552754164.20334,192.168.0.104,33599,172.217.23.174,443,udp,0.035557,345,244,SF,2,401,1,272,normal
1552754164.3794,192.168.0.104,38815,172.217.18.174,443,udp,0.055643,2069,1693,SF,5,2209,5,1833,normal
1552754168.44646,192.168.0.104,42479,172.217.16.136,443,udp,0.056082,2098,1693,SF,6,2266,5,1833,normal
1552754171.00699,192.168.0.104,34444,172.217.16.196,443,udp,0.048281,2770,1600,SF,5,2910,5,1740,normal
1552754163.40453,192.168.0.104,48856,172.217.16.195,443,udp,0.083287,3303,2343,SF,6,3471,6,2511,normal
1552754223.99758,192.168.0.104,47384,209.197.3.15,443,tcp,0.000248,0,77,SF,2,104,3,233,normal
1552754225.15152,192.168.0.104,59396,104.18.131.189,443,tcp,0.000274,0,77,SF,3,120,4,237,normal
1552754225.60324,192.168.0.104,47514,137.116.78.48,443,tcp,0.107338,0,0,RSTR,1,52,1,40,normal
1552754225.81318,192.168.0.104,33436,162.241.253.219,443,tcp,0.451935,643,4236,SF,13,1267,10,4764,normal
1552754229.26656,192.168.0.104,60170,88.221.214.65,80,tcp,0.010683,0,0,SF,2,104,1,52,normal
1552754228.52884,192.168.0.104,58746,54.186.129.8,443,tcp,0.748998,1069,15745,SF,14,1805,12,16377,normal
1552754225.6035,192.168.0.104,46133,192.168.0.1,53,udp,8.786736,933,2284,SF,25,1633,25,2984,normal
1552754225.82565,192.168.0.104,42532,130.211.5.208,443,tcp,0.013567,1,0,OTH,1,52,1,52,normal
1552754229.628,192.168.0.104,34198,172.217.21.238,80,tcp,0.394078,2205,964,S1,6,2525,4,1180,normal
1552754224.60671,192.168.0.104,49260,100.26.125.169,443,tcp,0.721413,157,32,OTH,2,261,2,136,normal
1552754229.27781,192.168.0.104,45196,172.217.21.234,443,tcp,0.163536,1307,6939,S1,14,2043,15,7727,normal
1552754229.92158,192.168.0.104,33996,64.233.184.188,5228,tcp,0.015785,1,0,OTH,1,52,1,52,normal
1552754236.06566,192.168.0.104,46876,104.16.90.50,443,tcp,0.010008,1,0,OTH,1,40,1,40,normal
1552754229.92158,192.168.0.104,47510,52.222.250.83,443,tcp,0.011692,1,0,OTH,1,52,1,52,normal
1552754236.06568,192.168.0.104,40970,151.101.112.134,443,tcp,0.009535,1,0,OTH,1,52,1,52,normal
1552754229.34166,192.168.0.104,45198,172.217.21.234,443,tcp,0.063511,610,4195,S1,7,994,7,4636,normal
1552754225.82955,192.168.0.104,60640,104.244.42.129,443,tcp,0.023707,1,0,OTH,1,52,1,52,normal
1552754233.00345,192.168.0.104,33484,104.25.218.21,443,tcp,1.502106,2396,107025,OTH,54,4568,82,110336,normal
1552754227.84207,192.168.0.104,46866,172.217.21.238,443,tcp,0.095802,610,4008,S1,10,1150,8,5251,normal
1552754221.72961,192.168.0.104,44634,52.5.229.22,443,tcp,0.218498,1,0,OTH,1,52,1,52,normal
1552754236.06565,192.168.0.104,38710,52.222.245.107,443,tcp,0.009575,1,0,OTH,1,52,1,52,normal
1552754224.60675,192.168.0.104,49256,35.170.0.145,443,tcp,0.721388,157,32,OTH,2,261,2,136,normal
1552754225.81242,192.168.0.104,33434,162.241.253.219,443,tcp,8.509982,6464,1064252,SF,248,21004,314,1080588,normal
1552754234.02159,192.168.0.104,53702,104.16.123.175,443,tcp,0.014186,1,0,OTH,1,40,1,40,normal
1552754236.06567,192.168.0.104,34304,52.222.250.41,443,tcp,0.009216,1,0,OTH,1,52,1,52,normal
1552754229.92158,192.168.0.104,44066,104.244.42.3,443,tcp,0.015359,1,0,OTH,1,52,1,52,normal
1552754236.06569,192.168.0.104,50288,104.16.121.145,443,tcp,0.009983,1,0,OTH,1,40,1,40,normal
1552754233.75014,192.168.0.104,51310,192.0.73.2,443,tcp,0.186022,1173,3149,S1,12,1673,10,3561,normal
1552754236.06565,192.168.0.104,40962,151.101.112.134,443,tcp,0.009542,1,0,OTH,1,52,1,52,normal
1552754229.92156,192.168.0.104,60114,151.101.114.217,443,tcp,0.012787,1,0,OTH,1,52,1,52,normal
1552754229.92154,192.168.0.104,60610,104.244.42.129,443,tcp,0.01281,1,0,OTH,1,52,1,52,normal
1552754231.96958,192.168.0.104,48592,151.101.112.159,443,tcp,0.01075,1,0,OTH,1,52,1,52,normal
1552754225.8536,192.168.0.104,33438,162.241.253.219,443,tcp,0.113524,0,0,S1,2,112,1,60,normal
1552754223.77759,192.168.0.104,56844,104.16.160.16,443,tcp,0.010479,1,0,OTH,1,40,1,40,normal
1552754224.81686,192.168.0.104,46956,192.30.253.124,443,tcp,0.100909,28,24,OTH,1,80,2,128,normal
1552754224.60667,192.168.0.104,46950,192.30.253.124,443,tcp,0.140866,28,24,OTH,1,80,2,128,normal
1552754229.92158,192.168.0.104,48828,173.241.240.143,443,tcp,0.019637,1,0,OTH,1,40,1,40,normal
1552754236.06564,192.168.0.104,56714,151.101.0.134,443,tcp,0.009568,1,0,OTH,1,52,1,52,normal
1552754226.59101,192.168.0.104,60248,104.19.199.151,443,tcp,0.70368,461,96568,OTH,48,2381,47,98448,normal
1552754236.06561,192.168.0.104,51162,104.16.121.127,443,tcp,0.010047,1,0,OTH,1,40,1,40,normal
1552754236.06567,192.168.0.104,45986,52.222.250.220,443,tcp,0.009559,1,0,OTH,1,52,1,52,normal
1552754236.06568,192.168.0.104,35346,52.222.251.156,443,tcp,0.00956,1,0,OTH,1,52,1,52,normal
1552754225.82561,192.168.0.104,42726,130.211.34.183,443,tcp,0.013581,1,0,OTH,1,52,1,52,normal
1552754227.84166,192.168.0.104,59247,216.58.207.42,443,udp,0.747399,2025,3391,SF,10,2305,9,3643,normal
1552754227.85375,192.168.0.104,40543,216.58.207.33,443,udp,0.093443,2823,2754,SF,6,2991,4,2866,normal
1552754232.25627,192.168.0.104,45151,216.58.207.86,443,udp,0.107187,2223,42972,SF,20,2783,34,43924,normal
1552754227.84465,192.168.0.104,59570,172.217.16.131,443,udp,0.102486,2795,2754,SF,5,2935,4,2866,normal
1552754227.83985,192.168.0.104,54368,74.125.133.155,443,udp,3.123516,2241,1830,SF,8,2465,7,2026,normal
1552754226.39704,192.168.0.104,43951,172.217.16.195,443,udp,4.786061,2359,2399,SF,7,2555,7,2595,normal
1552754231.16926,192.168.0.104,56050,216.58.208.46,443,udp,0.082815,3293,4478,SF,8,3517,7,4674,normal
1552754227.85541,192.168.0.104,56722,172.217.18.174,443,udp,3.091879,4152,4314,SF,14,4544,11,4622,normal
1552754233.733,192.168.0.104,45855,172.217.16.74,443,udp,0.293614,3050,93742,SF,42,4226,75,95842,normal
1552754227.85661,192.168.0.104,43768,172.217.16.196,443,udp,5.923274,3973,9615,SF,11,4281,12,9951,normal
1552754224.74447,192.168.0.104,55141,172.217.23.174,443,udp,12.666563,3731,1824,SF,12,4067,9,2076,normal
1552754231.22796,192.168.0.104,59581,216.58.208.46,443,udp,0.095408,6643,4746,SF,9,6895,7,4942,normal
1552754234.39142,192.168.0.104,56615,172.217.16.136,443,udp,0.056116,2225,1693,SF,6,2393,5,1833,normal
1552754227.81839,192.168.0.104,37669,172.217.21.238,443,udp,5.491801,14279,1656776,SF,228,20663,1454,1697488,normal
1552754229.48996,192.168.0.104,40812,172.217.21.234,443,udp,1.003957,7584,95938,SF,49,8956,80,98178,normal
1552754227.8582,192.168.0.104,58500,172.217.18.14,443,udp,0.091154,2823,2754,SF,6,2991,4,2866,normal
1552754228.53319,192.168.0.104,50276,172.217.16.131,443,udp,2.216173,3629,125001,SF,55,5169,98,127745,normal
1552754230.65444,192.168.0.104,43102,172.217.16.202,443,udp,0.102339,4327,2025,SF,8,4551,7,2221,normal
1552754232.25548,192.168.0.104,50153,216.58.206.1,443,udp,0.061016,1869,4283,SF,6,2037,6,4451,normal
1552754300.84108,192.168.0.104,40984,69.173.144.137,443,tcp,0.055815,835,3031,SF,8,1175,7,3319,normal
1552754300.89744,192.168.0.104,40986,69.173.144.137,443,tcp,0.041966,533,3031,SF,8,873,7,3319,normal
1552754301.54972,192.168.0.104,50450,152.70.28.10,443,tcp,0.107548,610,5796,SF,12,1206,9,6272,normal
1552754303.03749,192.168.0.104,48828,173.241.240.143,443,tcp,0.000296,0,39,SF,2,80,3,159,normal
1552754299.14493,192.168.0.104,43314,131.159.15.24,443,tcp,5.825817,1491,179932,RSTO,35,3331,34,181708,normal
1552754299.15129,192.168.0.104,43316,131.159.15.24,443,tcp,5.81952,1036,49523,RSTO,25,2344,21,50623,normal
1552754299.32346,192.168.0.104,43320,131.159.15.24,443,tcp,5.863376,2696,27096,RSTO,26,4056,20,28144,normal
1552754296.43461,192.168.0.104,46133,192.168.0.1,53,udp,8.999139,1186,3735,SF,31,2054,31,4603,normal
1552754296.46058,192.168.0.104,49752,104.25.253.28,443,tcp,12.752125,8435,252692,S1,116,13119,139,258326,normal
1552754296.44697,192.168.0.104,49750,104.25.253.28,443,tcp,0.09677,581,2911,S1,7,893,8,3305,normal
1552754300.72171,192.168.0.104,42360,23.57.19.23,443,tcp,0.11189,1468,6220,S1,11,2048,9,6696,normal
1552754297.50571,192.168.0.104,45996,185.199.110.154,443,tcp,0.011457,1,0,OTH,1,52,1,52,normal
1552754305.25507,192.168.0.104,44830,69.173.144.150,443,tcp,0.158542,8345,3718,S1,14,9081,9,4194,normal
1552754300.77667,192.168.0.104,52356,35.156.113.160,443,tcp,0.100882,1693,4085,S1,9,2169,7,4457,normal
1552754311.84163,192.168.0.104,38810,140.211.9.51,80,tcp,0.216832,1,0,OTH,1,52,1,52,normal
1552754305.69754,192.168.0.104,36320,216.58.208.35,443,tcp,0.011134,1,0,OTH,1,52,1,52,normal
1552754301.60155,192.168.0.104,57818,104.18.228.122,443,tcp,0.015987,1,0,OTH,1,40,1,40,normal
1552754303.66093,192.168.0.104,39130,52.222.250.67,443,tcp,0.096816,1077,20042,S1,15,1865,14,20778,normal
1552754311.8416,192.168.0.104,38790,140.211.9.51,80,tcp,0.216837,1,0,OTH,1,52,1,52,normal
1552754297.50569,192.168.0.104,55990,151.101.113.2,443,tcp,0.011464,1,0,OTH,1,52,1,52,normal
1552754301.57489,192.168.0.104,39124,52.222.250.67,443,tcp,2.962169,1261,159747,S1,51,3921,48,162251,normal
1552754301.54237,192.168.0.104,50448,152.70.28.10,443,tcp,3.784798,4095,56597,S1,73,7911,67,61168,normal
1552754293.40968,192.168.0.104,55992,151.101.113.2,443,tcp,0.01164,1,0,OTH,1,52,1,52,normal
1552754297.50571,192.168.0.104,44634,52.5.229.22,443,tcp,0.216717,1,0,OTH,1,52,1,52,normal
1552754293.40973,192.168.0.104,59542,104.244.42.136,443,tcp,0.011631,1,0,OTH,1,52,1,52,normal
1552754305.30513,192.168.0.104,40918,136.144.49.28,443,tcp,7.304419,5926,5522,S1,17,16966,7,5987,normal
1552754293.40971,192.168.0.104,48810,35.241.24.90,443,tcp,0.011635,1,0,OTH,1,52,1,52,normal
1552754299.3292,192.168.0.104,43322,131.159.15.24,443,tcp,0.111057,573,152,S1,5,841,4,368,normal
1552754299.55756,192.168.0.104,58856,23.60.200.144,443,tcp,0.016795,1,0,OTH,1,52,1,52,normal
1552754301.58355,192.168.0.104,47572,93.184.220.113,443,tcp,0.125984,1114,5290,S1,9,1590,10,5818,normal
1552754301.84083,192.168.0.104,41116,52.222.250.222,443,tcp,1.273339,1178,10139,S1,17,2082,14,10944,normal
1552754307.74554,192.168.0.104,50092,54.84.185.96,443,tcp,0.11159,1,0,OTH,1,52,1,52,normal
1552754304.98195,192.168.0.104,36076,54.171.227.173,443,tcp,0.179034,9281,7721,S1,15,10069,12,8353,normal
1552754305.4343,192.168.0.104,55224,54.209.158.8,443,tcp,3.426608,5778,7478,SF,20,6790,19,8474,normal
1552754299.31783,192.168.0.104,43318,131.159.15.24,443,tcp,7.110271,2245,680299,S3,104,7673,130,687067,normal
1552754300.70899,192.168.0.104,50934,52.222.250.252,443,tcp,0.094526,1078,4599,S1,12,1710,11,5179,normal
1552754298.2417,192.168.0.104,35878,216.58.207.33,443,udp,0.057244,1445,1401,SF,4,1557,3,1485,normal
1552754299.23962,192.168.0.104,37804,172.217.16.136,443,udp,2.543674,4218,2019,SF,10,4498,10,2299,normal
1552754298.222,192.168.0.104,41258,172.217.16.196,443,udp,2.003002,5935,97354,SF,57,7531,95,100014,normal
1552754299.38115,192.168.0.104,57167,74.125.133.155,443,udp,6.859603,2545,2457,SF,10,2825,10,2737,normal
1552754301.56809,192.168.0.104,45430,172.217.18.98,443,udp,0.09569,2823,4101,SF,6,2991,5,4241,normal
1552754296.52627,192.168.0.104,55141,172.217.23.174,443,udp,12.701724,4410,1471,SF,9,4662,10,1751,normal
1552754299.30995,192.168.0.104,38373,172.217.18.174,443,udp,9.819932,4442,3944,SF,16,4890,16,4392,normal
1552754298.24298,192.168.0.104,44162,172.217.23.163,443,udp,0.063044,1417,1401,SF,3,1501,3,1485,normal
1552754299.49428,192.168.0.104,36233,172.217.22.3,443,udp,0.06821,2345,1801,SF,6,2513,5,1941,normal
1552754298.2499,192.168.0.104,51272,172.217.18.14,443,udp,0.061545,1445,1401,SF,4,1557,3,1485,normal
1552754298.44621,192.168.0.104,50391,172.217.18.98,443,udp,0.178712,4534,5780,SF,9,4786,8,6004,normal
1552754298.2452,192.168.0.104,60738,172.217.16.131,443,udp,0.063687,1445,1401,SF,4,1557,3,1485,normal
1552754301.55891,192.168.0.104,55841,172.217.22.40,443,udp,2.051429,2010,27738,SF,16,2458,24,28410,normal
1552754301.57454,192.168.0.104,55653,172.217.18.98,443,udp,0.058078,2805,4081,SF,4,2917,4,4193,normal
1552754303.01373,192.168.0.104,46576,172.217.16.202,443,udp,0.056476,2200,1901,SF,5,2340,5,2041,normal
1552754301.63083,192.168.0.104,3,172.217.18.98,3,icmp,0.001804,607,0,OTH,2,663,0,0,normal
1552754300.84108,192.168.0.104,40984,69.173.144.137,443,tcp,0.055815,835,3031,SF,8,1175,7,3319,normal
1552754300.89744,192.168.0.104,40986,69.173.144.137,443,tcp,0.041966,533,3031,SF,8,873,7,3319,normal
1552754301.54972,192.168.0.104,50450,152.70.28.10,443,tcp,0.107548,610,5796,SF,12,1206,9,6272,normal
1552754303.03749,192.168.0.104,48828,173.241.240.143,443,tcp,0.000296,0,39,SF,2,80,3,159,normal
1552754299.14493,192.168.0.104,43314,131.159.15.24,443,tcp,5.825817,1491,179932,RSTO,35,3331,34,181708,normal
1552754299.15129,192.168.0.104,43316,131.159.15.24,443,tcp,5.81952,1036,49523,RSTO,25,2344,21,50623,normal
1552754299.32346,192.168.0.104,43320,131.159.15.24,443,tcp,5.863376,2696,27096,RSTO,26,4056,20,28144,normal
1552754296.43461,192.168.0.104,46133,192.168.0.1,53,udp,8.999139,1186,3735,SF,31,2054,31,4603,normal
1552754296.46058,192.168.0.104,49752,104.25.253.28,443,tcp,12.752125,8435,252692,S1,116,13119,139,258326,normal
1552754296.44697,192.168.0.104,49750,104.25.253.28,443,tcp,0.09677,581,2911,S1,7,893,8,3305,normal
1552754300.72171,192.168.0.104,42360,23.57.19.23,443,tcp,0.11189,1468,6220,S1,11,2048,9,6696,normal
1552754297.50571,192.168.0.104,45996,185.199.110.154,443,tcp,0.011457,1,0,OTH,1,52,1,52,normal
1552754305.25507,192.168.0.104,44830,69.173.144.150,443,tcp,0.158542,8345,3718,S1,14,9081,9,4194,normal
1552754300.77667,192.168.0.104,52356,35.156.113.160,443,tcp,0.100882,1693,4085,S1,9,2169,7,4457,normal
1552754311.84163,192.168.0.104,38810,140.211.9.51,80,tcp,0.216832,1,0,OTH,1,52,1,52,normal
1552754305.69754,192.168.0.104,36320,216.58.208.35,443,tcp,0.011134,1,0,OTH,1,52,1,52,normal
1552754301.60155,192.168.0.104,57818,104.18.228.122,443,tcp,0.015987,1,0,OTH,1,40,1,40,normal
1552754303.66093,192.168.0.104,39130,52.222.250.67,443,tcp,0.096816,1077,20042,S1,15,1865,14,20778,normal
1552754311.8416,192.168.0.104,38790,140.211.9.51,80,tcp,0.216837,1,0,OTH,1,52,1,52,normal
1552754297.50569,192.168.0.104,55990,151.101.113.2,443,tcp,0.011464,1,0,OTH,1,52,1,52,normal
1552754301.57489,192.168.0.104,39124,52.222.250.67,443,tcp,2.962169,1261,159747,S1,51,3921,48,162251,normal
1552754301.54237,192.168.0.104,50448,152.70.28.10,443,tcp,3.784798,4095,56597,S1,73,7911,67,61168,normal
1552754293.40968,192.168.0.104,55992,151.101.113.2,443,tcp,0.01164,1,0,OTH,1,52,1,52,normal
1552754297.50571,192.168.0.104,44634,52.5.229.22,443,tcp,0.216717,1,0,OTH,1,52,1,52,normal
1552754293.40973,192.168.0.104,59542,104.244.42.136,443,tcp,0.011631,1,0,OTH,1,52,1,52,normal
1552754305.30513,192.168.0.104,40918,136.144.49.28,443,tcp,7.304419,5926,5522,S1,17,16966,7,5987,normal
1552754293.40971,192.168.0.104,48810,35.241.24.90,443,tcp,0.011635,1,0,OTH,1,52,1,52,normal
1552754299.3292,192.168.0.104,43322,131.159.15.24,443,tcp,0.111057,573,152,S1,5,841,4,368,normal
1552754299.55756,192.168.0.104,58856,23.60.200.144,443,tcp,0.016795,1,0,OTH,1,52,1,52,normal
1552754301.58355,192.168.0.104,47572,93.184.220.113,443,tcp,0.125984,1114,5290,S1,9,1590,10,5818,normal
1552754301.84083,192.168.0.104,41116,52.222.250.222,443,tcp,1.273339,1178,10139,S1,17,2082,14,10944,normal
1552754307.74554,192.168.0.104,50092,54.84.185.96,443,tcp,0.11159,1,0,OTH,1,52,1,52,normal
1552754304.98195,192.168.0.104,36076,54.171.227.173,443,tcp,0.179034,9281,7721,S1,15,10069,12,8353,normal
1552754305.4343,192.168.0.104,55224,54.209.158.8,443,tcp,3.426608,5778,7478,SF,20,6790,19,8474,normal
1552754299.31783,192.168.0.104,43318,131.159.15.24,443,tcp,7.110271,2245,680299,S3,104,7673,130,687067,normal
1552754300.70899,192.168.0.104,50934,52.222.250.252,443,tcp,0.094526,1078,4599,S1,12,1710,11,5179,normal
1552754298.2417,192.168.0.104,35878,216.58.207.33,443,udp,0.057244,1445,1401,SF,4,1557,3,1485,normal
1552754299.23962,192.168.0.104,37804,172.217.16.136,443,udp,2.543674,4218,2019,SF,10,4498,10,2299,normal
1552754298.222,192.168.0.104,41258,172.217.16.196,443,udp,2.003002,5935,97354,SF,57,7531,95,100014,normal
1552754299.38115,192.168.0.104,57167,74.125.133.155,443,udp,6.859603,2545,2457,SF,10,2825,10,2737,normal
1552754301.56809,192.168.0.104,45430,172.217.18.98,443,udp,0.09569,2823,4101,SF,6,2991,5,4241,normal
1552754296.52627,192.168.0.104,55141,172.217.23.174,443,udp,12.701724,4410,1471,SF,9,4662,10,1751,normal
1552754299.30995,192.168.0.104,38373,172.217.18.174,443,udp,9.819932,4442,3944,SF,16,4890,16,4392,normal
1552754298.24298,192.168.0.104,44162,172.217.23.163,443,udp,0.063044,1417,1401,SF,3,1501,3,1485,normal
1552754299.49428,192.168.0.104,36233,172.217.22.3,443,udp,0.06821,2345,1801,SF,6,2513,5,1941,normal
1552754298.2499,192.168.0.104,51272,172.217.18.14,443,udp,0.061545,1445,1401,SF,4,1557,3,1485,normal
1552754298.44621,192.168.0.104,50391,172.217.18.98,443,udp,0.178712,4534,5780,SF,9,4786,8,6004,normal
1552754298.2452,192.168.0.104,60738,172.217.16.131,443,udp,0.063687,1445,1401,SF,4,1557,3,1485,normal
1552754301.55891,192.168.0.104,55841,172.217.22.40,443,udp,2.051429,2010,27738,SF,16,2458,24,28410,normal
1552754301.57454,192.168.0.104,55653,172.217.18.98,443,udp,0.058078,2805,4081,SF,4,2917,4,4193,normal
1552754303.01373,192.168.0.104,46576,172.217.16.202,443,udp,0.056476,2200,1901,SF,5,2340,5,2041,normal
1552754301.63083,192.168.0.104,3,172.217.18.98,3,icmp,0.001804,607,0,OTH,2,663,0,0,normal
1552754594.46563,192.168.0.104,52830,192.150.187.43,443,tcp,0.224798,0,0,RSTRH,1,52,1,40,normal
1552754600.72801,192.168.0.104,60114,151.101.114.217,443,tcp,0.000153,0,89,SF,2,116,5,349,normal
1552754600.77365,192.168.0.104,38966,140.211.9.51,80,tcp,0.262197,0,0,RSTRH,1,52,1,40,normal
1552754600.77365,192.168.0.104,38962,140.211.9.51,80,tcp,0.262238,0,0,RSTRH,1,52,1,40,normal
1552754600.77361,192.168.0.104,38960,140.211.9.51,80,tcp,0.262281,0,0,RSTRH,1,52,1,40,normal
1552754606.75377,192.168.0.104,42360,23.57.19.23,443,tcp,0.00939,1,0,OTH,1,52,1,52,normal
1552754602.65782,192.168.0.104,35746,151.101.112.175,443,tcp,0.011319,1,0,OTH,1,52,1,52,normal
1552754606.75377,192.168.0.104,39182,151.101.112.133,443,tcp,0.009022,1,0,OTH,1,52,1,52,normal
1552754610.84959,192.168.0.104,35196,104.16.26.34,443,tcp,0.00898,1,0,OTH,1,40,1,40,normal
1552754599.15112,192.168.0.104,60124,198.145.13.14,443,tcp,0.245607,169,379,OTH,4,377,3,535,normal
1552754604.70557,192.168.0.104,39136,151.101.112.133,443,tcp,0.011625,1,0,OTH,1,52,1,52,normal
1552754604.70559,192.168.0.104,35742,151.101.112.175,443,tcp,0.011635,1,0,OTH,1,52,1,52,normal
1552754608.80172,192.168.0.104,59542,104.244.42.136,443,tcp,0.009344,1,0,OTH,1,52,1,52,normal
1552754608.80177,192.168.0.104,39184,151.101.112.133,443,tcp,0.009275,1,0,OTH,1,52,1,52,normal
1552754616.99375,192.168.0.104,60248,104.19.199.151,443,tcp,0.009049,1,0,OTH,1,40,1,40,normal
1552754604.7056,192.168.0.104,39176,151.101.112.133,443,tcp,0.011644,1,0,OTH,1,52,1,52,normal
1552754598.56174,192.168.0.104,58386,151.101.112.193,443,tcp,0.013268,1,0,OTH,1,52,1,52,normal
1552754614.94564,192.168.0.104,49752,104.25.253.28,443,tcp,0.016406,1,0,OTH,1,40,1,40,normal
1552754602.65786,192.168.0.104,35744,151.101.112.175,443,tcp,0.011309,1,0,OTH,1,52,1,52,normal
1552754608.80176,192.168.0.104,42498,151.101.112.95,443,tcp,0.009134,1,0,OTH,1,52,1,52,normal
1552754602.88052,192.168.0.104,46956,192.30.253.124,443,tcp,0.099743,28,24,OTH,1,80,2,128,normal
1552754602.16183,192.168.0.104,47332,192.30.253.124,443,tcp,0.204543,28,24,OTH,1,80,2,128,normal
1552754606.75375,192.168.0.104,39178,151.101.112.133,443,tcp,0.00896,1,0,OTH,1,52,1,52,normal
1552754610.84962,192.168.0.104,33838,151.101.65.69,443,tcp,0.015148,1,0,OTH,1,52,1,52,normal
1552754602.57142,192.168.0.104,46950,192.30.253.124,443,tcp,0.112072,28,24,OTH,1,80,2,128,normal
1552754602.65788,192.168.0.104,45464,151.101.114.109,443,tcp,0.011293,1,0,OTH,1,52,1,52,normal
1552754616.99379,192.168.0.104,44634,52.5.229.22,443,tcp,0.222771,1,0,OTH,1,52,1,52,normal
1552754596.51381,192.168.0.104,33484,104.25.218.21,443,tcp,0.011208,1,0,OTH,1,40,1,40,normal
1552754614.94561,192.168.0.104,58856,23.60.200.144,443,tcp,0.009225,1,0,OTH,1,52,1,52,normal
1552754594.46559,192.168.0.104,45996,185.199.110.154,443,tcp,0.011372,1,0,OTH,1,52,1,52,normal
1552754604.7056,192.168.0.104,39096,151.101.112.133,443,tcp,0.01164,1,0,OTH,1,52,1,52,normal
1552754784.13073,192.168.0.104,35196,104.16.26.34,443,tcp,0.000255,0,77,SF,3,120,4,237,normal
1552754786.97775,192.168.0.104,42360,23.57.19.23,443,tcp,0.012964,1,0,OTH,1,52,1,52,normal
1552754784.92966,192.168.0.104,39096,151.101.112.133,443,tcp,0.010579,1,0,OTH,1,52,1,52,normal
1552754789.02564,192.168.0.104,39184,151.101.112.133,443,tcp,0.009117,1,0,OTH,1,52,1,52,normal
1552754795.68157,192.168.0.104,50198,192.30.253.125,443,tcp,8.723934,29,24,OTH,2,132,3,180,normal
1552754786.97783,192.168.0.104,39182,151.101.112.133,443,tcp,0.012911,1,0,OTH,1,52,1,52,normal
1552754789.0256,192.168.0.104,42498,151.101.112.95,443,tcp,0.008767,1,0,OTH,1,52,1,52,normal
1552754782.88161,192.168.0.104,45464,151.101.114.109,443,tcp,0.012585,1,0,OTH,1,52,1,52,normal
1552754784.92966,192.168.0.104,35742,151.101.112.175,443,tcp,0.009798,1,0,OTH,1,52,1,52,normal
1552754784.92967,192.168.0.104,39176,151.101.112.133,443,tcp,0.010596,1,0,OTH,1,52,1,52,normal
1552754799.00974,192.168.0.104,47284,192.30.253.124,443,tcp,0.099495,1,0,OTH,1,52,1,52,normal
1552754784.92964,192.168.0.104,39136,151.101.112.133,443,tcp,0.008814,1,0,OTH,1,52,1,52,normal
1552754782.88161,192.168.0.104,35744,151.101.112.175,443,tcp,0.012307,1,0,OTH,1,52,1,52,normal
1552754782.88159,192.168.0.104,35746,151.101.112.175,443,tcp,0.012315,1,0,OTH,1,52,1,52,normal
1552754792.09756,192.168.0.104,47244,192.30.253.124,443,tcp,8.932091,29,24,OTH,2,132,3,180,normal
1552754797.2176,192.168.0.104,60248,104.19.199.151,443,tcp,0.012232,1,0,OTH,1,40,1,40,normal
1552754786.97778,192.168.0.104,39178,151.101.112.133,443,tcp,0.012955,1,0,OTH,1,52,1,52,normal
1552754791.07376,192.168.0.104,33838,151.101.65.69,443,tcp,0.01053,1,0,OTH,1,52,1,52,normal
1552754786.13077,192.168.0.104,59541,172.217.16.196,443,udp,0.033862,23,20,SF,1,51,1,48,normal
1552754863.28118,192.168.0.104,39182,151.101.112.133,443,tcp,0.014691,0,31,SF,3,132,2,135,normal
1552754863.28122,192.168.0.104,39184,151.101.112.133,443,tcp,0.014687,0,31,SF,3,132,2,135,normal
1552754863.28124,192.168.0.104,39178,151.101.112.133,443,tcp,0.014672,0,31,SF,3,132,2,135,normal
1552754863.28132,192.168.0.104,35742,151.101.112.175,443,tcp,0.014611,0,31,SF,3,132,2,135,normal
1552754863.28137,192.168.0.104,35744,151.101.112.175,443,tcp,0.016351,0,31,SF,3,132,2,135,normal
1552754863.28128,192.168.0.104,39096,151.101.112.133,443,tcp,0.017045,0,31,SF,3,132,2,135,normal
1552754863.28143,192.168.0.104,42360,23.57.19.23,443,tcp,0.017967,0,31,SF,3,132,2,135,normal
1552754863.2813,192.168.0.104,39136,151.101.112.133,443,tcp,0.01813,0,31,SF,3,132,2,135,normal
1552754863.28126,192.168.0.104,39176,151.101.112.133,443,tcp,0.018447,0,31,SF,3,132,2,135,normal
1552754863.28135,192.168.0.104,35746,151.101.112.175,443,tcp,0.01838,0,31,SF,3,132,2,135,normal
1552754865.85063,192.168.0.104,35798,130.14.29.110,443,tcp,0.412304,643,3774,SF,13,1267,10,4302,normal
1552754867.25572,192.168.0.104,46768,165.112.7.19,443,tcp,0.315325,643,3878,SF,12,1227,9,4354,normal
1552754867.25568,192.168.0.104,46766,165.112.7.19,443,tcp,2.585503,2829,54399,SF,49,5385,57,57371,normal
1552754865.8487,192.168.0.104,35796,130.14.29.110,443,tcp,4.019491,9241,1016594,SF,213,20301,273,1030798,normal
1552754870.17646,192.168.0.104,35816,130.14.29.110,443,tcp,2.107914,1717,59372,SF,32,3353,29,60888,normal
1552754863.28169,192.168.0.104,46133,192.168.0.1,53,udp,9.449369,1197,4265,SF,31,2065,31,5133,normal
1552754872.71212,192.168.0.104,52508,52.222.250.158,443,tcp,0.241458,1233,884,S1,7,1605,5,1152,normal
1552754863.36067,192.168.0.104,50646,52.222.250.176,443,tcp,13.793242,568,215,RSTO,7,940,4,431,normal
1552754864.80158,192.168.0.104,45996,185.199.110.154,443,tcp,0.009074,1,0,OTH,1,52,1,52,normal
1552754863.30108,192.168.0.104,33838,151.101.65.69,443,tcp,2.788092,1204,260215,OTH,59,4272,61,263387,normal
1552754872.1616,192.168.0.104,38974,140.211.9.51,80,tcp,0.163166,1,0,OTH,1,52,1,52,normal
1552754860.70556,192.168.0.104,50092,54.84.185.96,443,tcp,0.125176,1,0,OTH,1,52,1,52,normal
1552754863.31847,192.168.0.104,42508,23.57.19.23,443,tcp,2.727072,1405,429,S1,7,1777,6,749,normal
1552754872.73145,192.168.0.104,47066,52.71.227.128,443,tcp,0.530122,1968,5608,S1,9,2444,7,5980,normal
1552754863.34523,192.168.0.104,37920,35.156.145.106,443,tcp,13.824418,643,3463,SF,10,1147,7,3835,normal
1552754863.52555,192.168.0.104,47332,192.30.253.124,443,tcp,8.678254,29,24,OTH,2,132,3,180,normal
1552754870.9456,192.168.0.104,44634,52.5.229.22,443,tcp,0.115902,1,0,OTH,1,52,1,52,normal
1552754865.99091,192.168.0.104,55054,198.252.206.25,443,tcp,0.761416,1653,3562,S1,12,2285,7,3934,normal
1552754863.32126,192.168.0.104,38022,3.120.63.71,443,tcp,3.376185,2071,3753,S1,10,2599,7,4125,normal
1552754870.09453,192.168.0.104,60718,171.64.68.10,80,tcp,1.079767,1377,6030,S1,8,1801,7,6402,normal
1552754863.77756,192.168.0.104,46950,192.30.253.124,443,tcp,8.884741,29,24,OTH,2,132,3,180,normal
1552754869.53493,192.168.0.104,60710,171.64.68.10,80,tcp,1.849629,1338,161769,S1,38,3322,43,164013,normal
1552754869.63681,192.168.0.104,60714,171.64.68.10,80,tcp,1.496814,1338,71772,S1,25,2646,26,73132,normal
1552754870.09436,192.168.0.104,60716,171.64.68.10,80,tcp,1.698845,1242,112412,S1,29,2758,35,114240,normal
1552754872.55364,192.168.0.104,51688,104.16.121.127,443,tcp,0.177879,610,724,S1,7,910,5,936,normal
1552754849.44183,192.168.0.104,50198,192.30.253.125,443,tcp,9.032493,29,24,OTH,2,132,3,180,normal
1552754858.68958,192.168.0.104,33996,64.233.184.188,5228,tcp,0.015333,1,0,OTH,1,52,1,52,normal
1552754855.19888,192.168.0.104,47244,192.30.253.124,443,tcp,0.101049,28,24,OTH,2,144,3,204,normal
1552754864.03357,192.168.0.104,46956,192.30.253.124,443,tcp,8.890473,29,24,OTH,2,132,3,180,normal
1552754863.33574,192.168.0.104,51482,192.0.73.2,443,tcp,0.93927,1086,6633,S1,16,1758,14,7267,normal
1552754865.15451,192.168.0.104,49260,100.26.125.169,443,tcp,0.097592,288,325,OTH,2,392,2,429,normal
1552754872.56565,192.168.0.104,51824,52.222.250.92,443,tcp,0.353115,1193,652,S1,10,1721,8,1076,normal
1552754864.29344,192.168.0.104,60248,104.19.199.151,443,tcp,0.067328,209,86486,OTH,17,889,41,88126,normal
1552754869.53525,192.168.0.104,60712,171.64.68.10,80,tcp,1.630027,1607,29518,S1,18,2551,19,30514,normal
1552754863.33587,192.168.0.104,44000,104.16.28.34,443,tcp,13.817987,568,225,RSTO,7,868,4,397,normal
1552754865.15467,192.168.0.104,49256,35.170.0.145,443,tcp,0.105778,288,325,OTH,2,392,2,429,normal
1552754870.39162,192.168.0.104,60722,171.64.68.10,80,tcp,2.598432,865,167709,S1,51,3525,52,170421,normal
1552754872.16156,192.168.0.104,38972,140.211.9.51,80,tcp,0.162184,1,0,OTH,1,52,1,52,normal
1552754853.0256,192.168.0.104,47284,192.30.253.124,443,tcp,8.827671,29,24,OTH,2,132,3,180,normal
1552754872.99356,192.168.0.104,45464,151.101.114.109,443,tcp,0.008372,1,0,OTH,1,52,1,52,normal
1552754877.15399,192.168.0.104,35828,130.14.29.110,443,tcp,0.802965,1719,202391,S1,42,3911,46,204791,normal
1552754868.67033,192.168.0.104,42586,74.125.133.156,443,udp,0.06706,2017,1741,SF,6,2185,6,1909,normal
1552754863.33549,192.168.0.104,59460,172.217.16.162,443,udp,0.066751,1417,1401,SF,3,1501,3,1485,normal
1552754853.02323,192.168.0.104,51979,172.217.23.174,443,udp,21.657432,2801,2005,SF,11,3109,10,2285,normal
1552754863.33708,192.168.0.104,37557,172.217.18.174,443,udp,5.366012,3397,2547,SF,10,3677,11,2855,normal
1552754863.32944,192.168.0.104,43291,216.58.207.33,443,udp,0.06047,1445,1401,SF,4,1557,3,1485,normal
1552754864.93553,192.168.0.104,55982,172.217.16.202,443,udp,0.056,2200,1901,SF,5,2340,5,2041,normal
1552754863.34324,192.168.0.104,36525,172.217.16.202,443,udp,0.066042,1445,1401,SF,4,1557,3,1485,normal
1552754863.34502,192.168.0.104,38199,172.217.16.162,443,udp,0.070727,1445,1401,SF,4,1557,3,1485,normal
1552754863.36264,192.168.0.104,60809,172.217.18.98,443,udp,0.06852,1445,1401,SF,4,1557,3,1485,normal
1552754926.98096,192.168.0.104,38022,3.120.63.71,443,tcp,8.759403,0,31,RSTO,3,156,2,135,normal
1552754935.74048,192.168.0.104,39078,65.39.251.71,443,tcp,0.101713,0,0,SF,2,104,1,52,normal
1552754937.26977,192.168.0.104,45370,52.222.245.18,443,tcp,14.887986,643,5261,RSTO,11,1235,9,5806,normal
1552754938.95621,192.168.0.104,35580,198.145.13.13,443,tcp,13.397741,0,0,SF,4,216,3,164,normal
1552754952.18756,192.168.0.104,49542,151.101.250.91,443,tcp,0.332449,1028,6328,SF,11,1608,11,6908,normal
1552754952.71555,192.168.0.104,44392,151.101.210.91,443,tcp,0.319209,1028,6329,SF,10,1556,10,6857,normal
1552754935.7409,192.168.0.104,46133,192.168.0.1,53,udp,19.079611,1910,5415,SF,46,3198,46,6703,normal
1552754937.1647,192.168.0.104,39280,35.167.61.172,443,tcp,1.340042,1885,4288,S1,11,2465,7,4660,normal
1552754937.26973,192.168.0.104,45368,52.222.245.18,443,tcp,2.267876,2010,388163,S1,74,5866,84,392539,normal
1552754945.28748,192.168.0.104,56994,151.101.2.217,443,tcp,0.119038,980,21416,S1,17,1872,18,22360,normal
1552754954.91755,192.168.0.104,60248,104.19.199.151,443,tcp,0.009631,1,0,OTH,1,40,1,40,normal
1552754946.60414,192.168.0.104,38970,192.30.253.116,443,tcp,0.406465,953,6001,S1,10,1481,8,6425,normal
1552754952.70107,192.168.0.104,44892,157.240.27.27,443,tcp,0.071404,581,3376,S1,7,965,7,3822,normal
1552754954.91356,192.168.0.104,45996,185.199.110.154,443,tcp,0.008883,1,0,OTH,1,52,1,52,normal
1552754952.1963,192.168.0.104,48052,151.101.2.66,443,tcp,0.043988,1015,6708,S1,9,1491,7,7080,normal
1552754926.1646,192.168.0.104,47332,192.30.253.124,443,tcp,0.203506,28,24,OTH,1,80,2,128,normal
1552754937.3957,192.168.0.104,57164,151.139.242.29,443,tcp,0.289867,1171,12487,S1,15,1959,13,13171,normal
1552754938.70921,192.168.0.104,35578,198.145.13.13,443,tcp,0.849134,1219,6434,S1,8,1643,8,6858,normal
1552754952.66812,192.168.0.104,56682,18.195.154.247,443,tcp,0.097419,643,3432,S1,8,1067,6,3752,normal
1552754945.46882,192.168.0.104,57322,151.101.114.66,443,tcp,9.448768,24779,23861,S1,56,27699,38,25845,normal
1552754953.91676,192.168.0.104,36316,151.101.14.91,443,tcp,0.211711,1027,6329,RSTO,12,1659,9,6805,normal
1552754935.99074,192.168.0.104,39274,35.167.61.172,443,tcp,2.514047,2420,12433,S1,13,3104,9,12909,normal
1552754924.19356,192.168.0.104,42498,151.101.112.95,443,tcp,0.008789,1,0,OTH,1,52,1,52,normal
1552754954.13727,192.168.0.104,35472,199.232.10.91,443,tcp,0.596675,1028,6329,SF,8,1452,8,6753,normal
1552754952.86555,192.168.0.104,50092,54.84.185.96,443,tcp,0.108366,1,0,OTH,1,52,1,52,normal
1552754925.14679,192.168.0.104,49256,35.170.0.145,443,tcp,20.156864,445,357,OTH,4,653,4,565,normal
1552754946.05245,192.168.0.104,44594,18.188.141.15,443,tcp,5.753104,1220,6162,S1,9,1696,8,6586,normal
1552754952.99134,192.168.0.104,51482,192.0.73.2,443,tcp,0.050214,308,1848,OTH,4,468,5,2048,normal
1552754942.62555,192.168.0.104,39022,140.211.9.51,80,tcp,0.228927,1,0,OTH,1,52,1,52,normal
1552754957.00156,192.168.0.104,55054,198.252.206.25,443,tcp,0.096554,1,0,OTH,1,52,1,52,normal
1552754935.76872,192.168.0.104,39270,35.167.61.172,443,tcp,2.121446,1938,43952,S1,16,2778,14,44688,normal
1552754952.69938,192.168.0.104,51192,52.222.250.252,443,tcp,0.082162,568,215,S1,6,888,4,431,normal
1552754937.16406,192.168.0.104,39278,35.167.61.172,443,tcp,0.738083,1421,6331,S1,9,1897,6,6651,normal
1552754948.76961,192.168.0.104,33996,64.233.184.188,5228,tcp,0.015681,1,0,OTH,1,52,1,52,normal
1552754957.47356,192.168.0.104,50198,192.30.253.125,443,tcp,0.099481,1,0,OTH,1,52,1,52,normal
1552754952.56813,192.168.0.104,60296,18.195.84.125,443,tcp,2.198646,2045,3753,S1,10,2573,7,4125,normal
1552754953.77249,192.168.0.104,51632,151.101.38.91,443,tcp,0.08577,1028,6329,RSTO,11,1608,10,6857,normal
1552754946.64287,192.168.0.104,48864,52.215.192.132,443,tcp,0.256977,1020,4588,S1,13,1704,10,5116,normal
1552754946.14762,192.168.0.104,44596,18.188.141.15,443,tcp,0.13914,0,0,S1,2,112,1,60,normal
1552754940.5776,192.168.0.104,44634,52.5.229.22,443,tcp,0.126744,1,0,OTH,1,52,1,52,normal
1552754944.85755,192.168.0.104,39068,151.101.128.223,443,tcp,7.016383,3455,178039,S1,67,6947,75,181947,normal
1552754954.82064,192.168.0.104,55216,151.101.114.91,443,tcp,0.043124,1028,6328,SF,14,1728,11,6908,normal
1552754938.52956,192.168.0.104,51702,104.16.121.127,443,tcp,0.013485,1,0,OTH,1,40,1,40,normal
1552754952.52356,192.168.0.104,33838,151.101.65.69,443,tcp,5.938035,17887,36653,OTH,47,20331,40,38733,normal
1552754937.16342,192.168.0.104,39276,35.167.61.172,443,tcp,1.341345,1948,48070,S1,18,2892,15,48858,normal
1552754942.36954,192.168.0.104,39024,140.211.9.51,80,tcp,0.177762,1,0,OTH,1,52,1,52,normal
1552754944.87161,192.168.0.104,39070,151.101.128.223,443,tcp,0.082036,610,4522,S1,7,982,5,4790,normal
1552754954.74736,192.168.0.104,38452,151.101.122.91,443,tcp,0.068342,1028,6329,SF,10,1556,10,6857,normal
1552754926.57279,192.168.0.104,46950,192.30.253.124,443,tcp,0.209273,28,24,OTH,1,80,2,128,normal
1552754942.87978,192.168.0.104,38956,192.30.253.116,443,tcp,0.837812,21029,4487,S1,21,22129,18,5431,normal
1552754953.0386,192.168.0.104,37196,151.101.190.91,443,tcp,0.675348,1028,6329,SF,8,1452,8,6753,normal
1552754952.5691,192.168.0.104,43376,104.16.31.34,443,tcp,0.172436,568,225,S1,6,828,4,397,normal
1552754952.54098,192.168.0.104,44252,151.101.2.91,443,tcp,0.125682,1028,6326,S1,9,1504,6,6646,normal
1552754953.90854,192.168.0.104,42508,23.57.19.23,443,tcp,0.015611,834,277,OTH,2,938,1,329,normal
1552754925.14667,192.168.0.104,49260,100.26.125.169,443,tcp,20.1548,445,357,OTH,4,653,4,565,normal
1552754956.96176,192.168.0.104,39076,65.39.251.71,443,tcp,0.101487,1,0,OTH,1,52,1,52,normal
1552754954.14956,192.168.0.104,47244,192.30.253.124,443,tcp,0.098994,1,0,OTH,1,52,1,52,normal
1552754926.82638,192.168.0.104,46956,192.30.253.124,443,tcp,0.102142,28,24,OTH,1,80,2,128,normal
1552754953.86467,192.168.0.104,36314,151.101.14.91,443,tcp,0.037185,1028,6329,SF,14,1728,11,6909,normal
1552754935.77239,192.168.0.104,39272,35.167.61.172,443,tcp,2.105152,2908,50501,S1,22,4060,21,51601,normal
1552754937.81728,192.168.0.104,46255,172.217.16.131,443,udp,7.959284,2868,62364,SF,30,3708,48,63708,normal
1552754952.70082,192.168.0.104,58235,172.217.18.98,443,udp,0.057737,1445,1401,SF,4,1557,3,1485,normal
1552754952.66778,192.168.0.104,44612,172.217.16.130,443,udp,0.066785,1445,1401,SF,4,1557,3,1485,normal
1552756530.49766,192.168.0.106,51516,192.168.0.104,8291,tcp,0.000004,0,0,REJ,1,60,1,40,Probe
1552756530.50174,192.168.0.106,53738,192.168.0.104,119,tcp,0.000004,0,0,REJ,1,60,1,40,Probe
1552756530.50401,192.168.0.106,38706,192.168.0.104,84,tcp,0.000003,0,0,REJ,1,60,1,40,Probe
1552756530.51095,192.168.0.106,52050,192.168.0.104,4242,tcp,0.000004,0,0,REJ,1,60,1,40,Probe
1552756530.48869,192.168.0.106,35126,192.168.0.104,4,tcp,0.000004,0,0,REJ,1,60,1,40,Probe
1552756530.49185,192.168.0.106,53840,192.168.0.104,545,tcp,0.000003,0,0,REJ,1,60,1,40,Probe
1552756530.47822,192.168.0.106,38876,192.168.0.104,24444,tcp,0.000005,0,0,REJ,1,60,1,40,Probe
1552756530.49234,192.168.0.106,37204,192.168.0.104,6901,tcp,0.000004,0,0,REJ,1,60,1,40,Probe
1552756530.49581,192.168.0.106,53750,192.168.0.104,1121,tcp,0.000004,0,0,REJ,1,60,1,40,Probe
1552756530.46291,192.168.0.106,54058,192.168.0.104,1112,tcp,0.000011,0,0,REJ,1,60,1,40,Probe
1552756530.50212,192.168.0.106,55596,192.168.0.104,2065,tcp,0.000004,0,0,REJ,1,60,1,40,Probe
1552756530.48487,192.168.0.106,51584,192.168.0.104,2099,tcp,0.000004,0,0,REJ,1,60,1,40,Probe
1552756530.49701,192.168.0.106,37488,192.168.0.104,5225,tcp,0.000003,0,0,REJ,1,60,1,40,Probe
1552756530.50246,192.168.0.106,48156,192.168.0.104,3351,tcp,0.000004,0,0,REJ,1,60,1,40,Probe
1552756530.45488,192.168.0.106,53470,192.168.0.104,32778,tcp,0.000015,0,0,REJ,1,60,1,40,Probe
1552756530.45649,192.168.0.106,33696,192.168.0.104,6969,tcp,0.000015,0,0,REJ,1,60,1,40,Probe
1552756530.48425,192.168.0.106,36262,192.168.0.104,1090,tcp,0.000005,0,0,REJ,1,60,1,40,Probe
1552756530.49126,192.168.0.106,34106,192.168.0.104,16000,tcp,0.000004,0,0,REJ,1,60,1,40,Probe
1552756530.49596,192.168.0.106,51428,192.168.0.104,20000,tcp,0.000003,0,0,REJ,1,60,1,40,Probe
1552756530.47156,192.168.0.106,39050,192.168.0.104,1086,tcp,0.000009,0,0,REJ,1,60,1,40,Probe
1552756530.48026,192.168.0.106,42836,192.168.0.104,2160,tcp,0.000005,0,0,REJ,1,60,1,40,Probe
1552756530.43303,192.168.0.106,34638,192.168.0.104,110,tcp,0.000015,0,0,REJ,1,60,1,40,Probe
1552756530.49128,192.168.0.106,50066,192.168.0.104,2103,tcp,0.000003,0,0,REJ,1,60,1,40,Probe
1552756530.48705,192.168.0.106,43704,192.168.0.104,8443,tcp,0.000004,0,0,REJ,1,60,1,40,Probe
1552756530.50076,192.168.0.106,49642,192.168.0.104,5998,tcp,0.000003,0,0,REJ,1,60,1,40,Probe
1552756530.47402,192.168.0.106,40786,192.168.0.104,2998,tcp,0.000006,0,0,REJ,1,60,1,40,Probe
1552756530.45167,192.168.0.106,44488,192.168.0.104,1036,tcp,0.000016,0,0,REJ,1,60,1,40,Probe
1552756530.49978,192.168.0.106,33666,192.168.0.104,3869,tcp,0.000004,0,0,REJ,1,60,1,40,Probe
1552756530.47094,192.168.0.106,38134,192.168.0.104,64623,tcp,0.000008,0,0,REJ,1,60,1,40,Probe
1552756530.47043,192.168.0.106,52296,192.168.0.104,14442,tcp,0.000008,0,0,REJ,1,60,1,40,Probe
1552756530.49586,192.168.0.106,37388,192.168.0.104,9011,tcp,0.000004,0,0,REJ,1,60,1,40,Probe
1552756530.4978,192.168.0.106,42000,192.168.0.104,3826,tcp,0.000004,0,0,REJ,1,60,1,40,Probe
1552756530.50406,192.168.0.106,55458,192.168.0.104,50001,tcp,0.000006,0,0,REJ,1,60,1,40,Probe
1552756530.50932,192.168.0.106,50316,192.168.0.104,1914,tcp,0.000004,0,0,REJ,1,60,1,40,Probe
1552756530.4694,192.168.0.106,40902,192.168.0.104,1131,tcp,0.000008,0,0,REJ,1,60,1,40,Probe
1552756530.50695,192.168.0.106,45166,192.168.0.104,1031,tcp,0.000004,0,0,REJ,1,60,1,40,Probe
1552756530.48983,192.168.0.106,60910,192.168.0.104,28201,tcp,0.000004,0,0,REJ,1,60,1,40,Probe
1552756530.49363,192.168.0.106,37432,192.168.0.104,1007,tcp,0.000004,0,0,REJ,1,60,1,40,Probe
1552756530.49911,192.168.0.106,35552,192.168.0.104,264,tcp,0.000004,0,0,REJ,1,60,1,40,Probe
1552756530.49306,192.168.0.106,43088,192.168.0.104,2638,tcp,0.000003,0,0,REJ,1,60,1,40,Probe
1552756530.4941,192.168.0.106,35790,192.168.0.104,32776,tcp,0.000004,0,0,REJ,1,60,1,40,Probe
1552756530.50582,192.168.0.106,45616,192.168.0.104,6005,tcp,0.000004,0,0,REJ,1,60,1,40,Probe
1552756530.50729,192.168.0.106,54588,192.168.0.104,3851,tcp,0.000004,0,0,REJ,1,60,1,40,Probe
1552756530.48551,192.168.0.106,44224,192.168.0.104,5280,tcp,0.000005,0,0,REJ,1,60,1,40,Probe
1552756530.4862,192.168.0.106,43724,192.168.0.104,9575,tcp,0.000005,0,0,REJ,1,60,1,40,Probe
1552756530.46362,192.168.0.106,34704,192.168.0.104,2394,tcp,0.000013,0,0,REJ,1,60,1,40,Probe
1552756530.49385,192.168.0.106,48768,192.168.0.104,2191,tcp,0.000004,0,0,REJ,1,60,1,40,Probe
1552756530.49572,192.168.0.106,33918,192.168.0.104,1218,tcp,0.000004,0,0,REJ,1,60,1,40,Probe
1552756530.47426,192.168.0.106,55422,192.168.0.104,1080,tcp,0.000007,0,0,REJ,1,60,1,40,Probe
1552756530.46253,192.168.0.106,47402,192.168.0.104,3971,tcp,0.000011,0,0,REJ,1,60,1,40,Probe
1552756530.47602,192.168.0.106,48002,192.168.0.104,8222,tcp,0.000007,0,0,REJ,1,60,1,40,Probe
1552756530.49567,192.168.0.106,56656,192.168.0.104,6106,tcp,0.000003,0,0,REJ,1,60,1,40,Probe
1552756530.49686,192.168.0.106,33270,192.168.0.104,5500,tcp,0.000004,0,0,REJ,1,60,1,40,Probe
1552756530.49928,192.168.0.106,36848,192.168.0.104,16113,tcp,0.000003,0,0,REJ,1,60,1,40,Probe
1552756530.49948,192.168.0.106,45174,192.168.0.104,5877,tcp,0.000005,0,0,REJ,1,60,1,40,Probe
1552756530.4583,192.168.0.106,56940,192.168.0.104,1010,tcp,0.000015,0,0,REJ,1,60,1,40,Probe
1552756530.49708,192.168.0.106,58428,192.168.0.104,1057,tcp,0.000004,0,0,REJ,1,60,1,40,Probe
1552756530.50864,192.168.0.106,36846,192.168.0.104,6112,tcp,0.000004,0,0,REJ,1,60,1,40,Probe
1552756530.48284,192.168.0.106,46256,192.168.0.104,12345,tcp,0.000005,0,0,REJ,1,60,1,40,Probe
1552756530.49068,192.168.0.106,56282,192.168.0.104,1071,tcp,0.000004,0,0,REJ,1,60,1,40,Probe
1552756530.4949,192.168.0.106,54298,192.168.0.104,8088,tcp,0.000003,0,0,REJ,1,60,1,40,Probe
1552756530.48158,192.168.0.106,54102,192.168.0.104,7025,tcp,0.000006,0,0,REJ,1,60,1,40,Probe
1552756530.46021,192.168.0.106,58732,192.168.0.104,1138,tcp,0.000016,0,0,REJ,1,60,1,40,Probe
1552756530.49861,192.168.0.106,57626,192.168.0.104,3878,tcp,0.000004,0,0,REJ,1,60,1,40,Probe
1552756530.48978,192.168.0.106,57150,192.168.0.104,5925,tcp,0.000004,0,0,REJ,1,60,1,40,Probe
1552756530.50339,192.168.0.106,44104,192.168.0.104,1433,tcp,0.000004,0,0,REJ,1,60,1,40,Probe
1552756530.48504,192.168.0.106,39800,192.168.0.104,714,tcp,0.000005,0,0,REJ,1,60,1,40,Probe
1552756530.44336,192.168.0.106,56294,192.168.0.104,280,tcp,0.000015,0,0,REJ,1,60,1,40,Probe
1552756530.48453,192.168.0.106,58616,192.168.0.104,1199,tcp,0.000005,0,0,REJ,1,60,1,40,Probe
1552756530.48922,192.168.0.106,54346,192.168.0.104,1148,tcp,0.000004,0,0,REJ,1,60,1,40,Probe
1552756530.49019,192.168.0.106,33196,192.168.0.104,7200,tcp,0.000004,0,0,REJ,1,60,1,40,Probe
1552756530.5049,192.168.0.106,36780,192.168.0.104,5952,tcp,0.000004,0,0,REJ,1,60,1,40,Probe
1552756530.47741,192.168.0.106,33668,192.168.0.104,311,tcp,0.000005,0,0,REJ,1,60,1,40,Probe
1552756530.48138,192.168.0.106,50274,192.168.0.104,1030,tcp,0.000005,0,0,REJ,1,60,1,40,Probe
1552756530.49882,192.168.0.106,60740,192.168.0.104,5544,tcp,0.000004,0,0,REJ,1,60,1,40,Probe
1552756530.44885,192.168.0.106,54074,192.168.0.104,13783,tcp,0.000014,0,0,REJ,1,60,1,40,Probe
1552756530.49347,192.168.0.106,48006,192.168.0.104,32779,tcp,0.000004,0,0,REJ,1,60,1,40,Probe
1552756530.46163,192.168.0.106,50606,192.168.0.104,1009,tcp,0.000016,0,0,REJ,1,60,1,40,Probe
1552756530.49433,192.168.0.106,48012,192.168.0.104,4045,tcp,0.000004,0,0,REJ,1,60,1,40,Probe
1552756530.46781,192.168.0.106,35034,192.168.0.104,49157,tcp,0.000008,0,0,REJ,1,60,1,40,Probe
1552756530.48391,192.168.0.106,54118,192.168.0.104,6566,tcp,0.000005,0,0,REJ,1,60,1,40,Probe
1552756530.49215,192.168.0.106,33164,192.168.0.104,4129,tcp,0.000004,0,0,REJ,1,60,1,40,Probe
1552756530.48564,192.168.0.106,36592,192.168.0.104,898,tcp,0.000004,0,0,REJ,1,60,1,40,Probe
1552756530.47465,192.168.0.106,36720,192.168.0.104,1069,tcp,0.000006,0,0,REJ,1,60,1,40,Probe
1552756530.48615,192.168.0.106,33206,192.168.0.104,49153,tcp,0.000004,0,0,REJ,1,60,1,40,Probe
1552756530.49986,192.168.0.106,34164,192.168.0.104,514,tcp,0.000003,0,0,REJ,1,60,1,40,Probe
1552756530.47074,192.168.0.106,40590,192.168.0.104,1107,tcp,0.000008,0,0,REJ,1,60,1,40,Probe
1552756530.49092,192.168.0.106,57134,192.168.0.104,11111,tcp,0.000003,0,0,REJ,1,60,1,40,Probe
1552756530.45244,192.168.0.106,49990,192.168.0.104,1216,tcp,0.000015,0,0,REJ,1,60,1,40,Probe
1552756530.43568,192.168.0.106,37666,192.168.0.104,49160,tcp,0.000017,0,0,REJ,1,60,1,40,Probe
1552756530.49933,192.168.0.106,41920,192.168.0.104,3017,tcp,0.000004,0,0,REJ,1,60,1,40,Probe
1552756530.50132,192.168.0.106,60986,192.168.0.104,1021,tcp,0.000004,0,0,REJ,1,60,1,40,Probe
1552756530.48575,192.168.0.106,56142,192.168.0.104,4443,tcp,0.000005,0,0,REJ,1,60,1,40,Probe
1552756530.50833,192.168.0.106,35906,192.168.0.104,2021,tcp,0.000005,0,0,REJ,1,60,1,40,Probe
1552756530.50538,192.168.0.106,39710,192.168.0.104,2366,tcp,0.000004,0,0,REJ,1,60,1,40,Probe
1552756530.49289,192.168.0.106,57046,192.168.0.104,1039,tcp,0.000004,0,0,REJ,1,60,1,40,Probe
1552756530.48273,192.168.0.106,39778,192.168.0.104,5033,tcp,0.000004,0,0,REJ,1,60,1,40,Probe
1552756530.5022,192.168.0.106,33994,192.168.0.104,15003,tcp,0.000004,0,0,REJ,1,60,1,40,Probe
1552756530.47143,192.168.0.106,59096,192.168.0.104,1687,tcp,0.000008,0,0,REJ,1,60,1,40,Probe
1552756530.43177,192.168.0.106,43060,192.168.0.104,23,tcp,0.000018,0,0,REJ,1,60,1,40,Probe
1552756530.50525,192.168.0.106,53944,192.168.0.104,8011,tcp,0.000004,0,0,REJ,1,60,1,40,Probe
1552756530.49541,192.168.0.106,54494,192.168.0.104,9207,tcp,0.000004,0,0,REJ,1,60,1,40,Probe
1552756530.50875,192.168.0.106,38314,192.168.0.104,1812,tcp,0.000004,0,0,REJ,1,60,1,40,Probe
1552756530.46539,192.168.0.106,48662,192.168.0.104,5226,tcp,0.000011,0,0,REJ,1,60,1,40,Probe
1552756530.47458,192.168.0.106,53754,192.168.0.104,10000,tcp,0.000006,0,0,REJ,1,60,1,40,Probe
1552756530.50815,192.168.0.106,46296,192.168.0.104,6839,tcp,0.000005,0,0,REJ,1,60,1,40,Probe
1552756530.49751,192.168.0.106,41884,192.168.0.104,497,tcp,0.000004,0,0,REJ,1,60,1,40,Probe
1552756530.49648,192.168.0.106,39174,192.168.0.104,12265,tcp,0.000004,0,0,REJ,1,60,1,40,Probe
1552756530.50669,192.168.0.106,43824,192.168.0.104,1048,tcp,0.000004,0,0,REJ,1,60,1,40,Probe
1552756530.50579,192.168.0.106,60738,192.168.0.104,8290,tcp,0.000004,0,0,REJ,1,60,1,40,Probe
1552756530.48971,192.168.0.106,47090,192.168.0.104,2033,tcp,0.000003,0,0,REJ,1,60,1,40,Probe
1552756530.48408,192.168.0.106,45808,192.168.0.104,1065,tcp,0.000005,0,0,REJ,1,60,1,40,Probe
1552756530.50394,192.168.0.106,44838,192.168.0.104,9003,tcp,0.000003,0,0,REJ,1,60,1,40,Probe
1552756530.47754,192.168.0.106,42516,192.168.0.104,2875,tcp,0.000006,0,0,REJ,1,60,1,40,Probe
1552756530.50303,192.168.0.106,35980,192.168.0.104,10082,tcp,0.000003,0,0,REJ,1,60,1,40,Probe
1552756530.49455,192.168.0.106,55646,192.168.0.104,8649,tcp,0.000003,0,0,REJ,1,60,1,40,Probe
1552756530.50127,192.168.0.106,35394,192.168.0.104,32771,tcp,0.000003,0,0,REJ,1,60,1,40,Probe
1552756530.46042,192.168.0.106,45906,192.168.0.104,50636,tcp,0.000015,0,0,REJ,1,60,1,40,Probe
1552756530.49078,192.168.0.106,37558,192.168.0.104,9090,tcp,0.000003,0,0,REJ,1,60,1,40,Probe
1552756530.49395,192.168.0.106,57268,192.168.0.104,2105,tcp,0.000003,0,0,REJ,1,60,1,40,Probe
1552756530.50379,192.168.0.106,48176,192.168.0.104,5950,tcp,0.000003,0,0,REJ,1,60,1,40,Probe
1552756860.49017,192.168.0.106,41690,192.168.0.104,80,tcp,0.000043,0,0,REJ,1,60,1,40,Probe
1552756860.49041,192.168.0.106,59876,192.168.0.104,5900,tcp,0.000018,0,0,REJ,1,60,1,40,Probe
1552756860.49067,192.168.0.106,57200,192.168.0.104,3389,tcp,0.000017,0,0,REJ,1,60,1,40,Probe
1552756860.49089,192.168.0.106,40460,192.168.0.104,443,tcp,0.000016,0,0,REJ,1,60,1,40,Probe
1552756860.4911,192.168.0.106,43794,192.168.0.104,1720,tcp,0.000015,0,0,REJ,1,60,1,40,Probe
1552756860.49131,192.168.0.106,55640,192.168.0.104,111,tcp,0.000016,0,0,REJ,1,60,1,40,Probe
1552756860.49163,192.168.0.106,43366,192.168.0.104,143,tcp,0.000018,0,0,REJ,1,60,1,40,Probe
1552756860.49182,192.168.0.106,43584,192.168.0.104,1723,tcp,0.000015,0,0,REJ,1,60,1,40,Probe
1552756860.49202,192.168.0.106,47470,192.168.0.104,53,tcp,0.000016,0,0,REJ,1,60,1,40,Probe
1552756860.49222,192.168.0.106,46514,192.168.0.104,256,tcp,0.000016,0,0,REJ,1,60,1,40,Probe
1552756860.49256,192.168.0.106,57600,192.168.0.104,139,tcp,0.000017,0,0,REJ,1,60,1,40,Probe
1552756860.49278,192.168.0.106,54398,192.168.0.104,3306,tcp,0.000016,0,0,REJ,1,60,1,40,Probe
1552756860.49298,192.168.0.106,55482,192.168.0.104,113,tcp,0.000015,0,0,REJ,1,60,1,40,Probe
1552756860.49315,192.168.0.106,40522,192.168.0.104,554,tcp,0.000015,0,0,REJ,1,60,1,40,Probe
1552756860.49336,192.168.0.106,57620,192.168.0.104,1025,tcp,0.000016,0,0,REJ,1,60,1,40,Probe
1552756860.49355,192.168.0.106,50594,192.168.0.104,21,tcp,0.000017,0,0,REJ,1,60,1,40,Probe
1552756860.49377,192.168.0.106,44678,192.168.0.104,25,tcp,0.000016,0,0,REJ,1,60,1,40,Probe
1552756860.49392,192.168.0.106,34882,192.168.0.104,995,tcp,0.000014,0,0,REJ,1,60,1,40,Probe
1552756860.49413,192.168.0.106,47418,192.168.0.104,993,tcp,0.000016,0,0,REJ,1,60,1,40,Probe
1552756860.49434,192.168.0.106,43472,192.168.0.104,199,tcp,0.000016,0,0,REJ,1,60,1,40,Probe
1552756860.49455,192.168.0.106,38656,192.168.0.104,110,tcp,0.000016,0,0,REJ,1,60,1,40,Probe
1552756860.49475,192.168.0.106,34934,192.168.0.104,22,tcp,0.000015,0,0,REJ,1,60,1,40,Probe
1552756860.49496,192.168.0.106,41502,192.168.0.104,135,tcp,0.000015,0,0,REJ,1,60,1,40,Probe
1552756860.49513,192.168.0.106,56520,192.168.0.104,8888,tcp,0.000016,0,0,REJ,1,60,1,40,Probe
1552756860.49531,192.168.0.106,47098,192.168.0.104,23,tcp,0.000016,0,0,REJ,1,60,1,40,Probe
1552756860.49545,192.168.0.106,38616,192.168.0.104,8080,tcp,0.000004,0,0,REJ,1,60,1,40,Probe
1552756860.49554,192.168.0.106,57120,192.168.0.104,587,tcp,0.000004,0,0,REJ,1,60,1,40,Probe
1552756860.4956,192.168.0.106,51726,192.168.0.104,445,tcp,0.000004,0,0,REJ,1,60,1,40,Probe
1552756860.49569,192.168.0.106,34996,192.168.0.104,7938,tcp,0.000004,0,0,REJ,1,60,1,40,Probe
1552756860.49579,192.168.0.106,40904,192.168.0.104,1059,tcp,0.000004,0,0,REJ,1,60,1,40,Probe
1552756860.49592,192.168.0.106,33422,192.168.0.104,10621,tcp,0.000005,0,0,REJ,1,60,1,40,Probe
1552756860.49599,192.168.0.106,46324,192.168.0.104,16080,tcp,0.000004,0,0,REJ,1,60,1,40,Probe
1552756860.49605,192.168.0.106,55328,192.168.0.104,1041,tcp,0.000005,0,0,REJ,1,60,1,40,Probe
1552756860.49608,192.168.0.106,40482,192.168.0.104,3300,tcp,0.000003,0,0,REJ,1,60,1,40,Probe
1552756860.49613,192.168.0.106,40664,192.168.0.104,9290,tcp,0.000004,0,0,REJ,1,60,1,40,Probe
1552756860.49615,192.168.0.106,41704,192.168.0.104,3005,tcp,0.000003,0,0,REJ,1,60,1,40,Probe
1552756860.4962,192.168.0.106,47918,192.168.0.104,2710,tcp,0.000004,0,0,REJ,1,60,1,40,Probe
1552756860.49624,192.168.0.106,57318,192.168.0.104,32778,tcp,0.000004,0,0,REJ,1,60,1,40,Probe
1552756860.49631,192.168.0.106,44756,192.168.0.104,1105,tcp,0.000004,0,0,REJ,1,60,1,40,Probe
1552756860.49639,192.168.0.106,50440,192.168.0.104,1186,tcp,0.000004,0,0,REJ,1,60,1,40,Probe
1552756860.49647,192.168.0.106,43876,192.168.0.104,7777,tcp,0.000004,0,0,REJ,1,60,1,40,Probe
1552756860.49653,192.168.0.106,60228,192.168.0.104,5925,tcp,0.000004,0,0,REJ,1,60,1,40,Probe
1552756860.49655,192.168.0.106,46102,192.168.0.104,1048,tcp,0.000003,0,0,REJ,1,60,1,40,Probe
1552756860.4966,192.168.0.106,34886,192.168.0.104,3168,tcp,0.000004,0,0,REJ,1,60,1,40,Probe
1552756860.49666,192.168.0.106,55322,192.168.0.104,52673,tcp,0.000004,0,0,REJ,1,60,1,40,Probe
1552756860.49669,192.168.0.106,51596,192.168.0.104,1042,tcp,0.000004,0,0,REJ,1,60,1,40,Probe
1552756860.49674,192.168.0.106,40940,192.168.0.104,3013,tcp,0.000005,0,0,REJ,1,60,1,40,Probe
1552756860.49679,192.168.0.106,41714,192.168.0.104,49160,tcp,0.000004,0,0,REJ,1,60,1,40,Probe
1552756860.49682,192.168.0.106,40838,192.168.0.104,711,tcp,0.000003,0,0,REJ,1,60,1,40,Probe
1552756860.49687,192.168.0.106,54222,192.168.0.104,1092,tcp,0.000004,0,0,REJ,1,60,1,40,Probe
1552756860.49693,192.168.0.106,50714,192.168.0.104,3052,tcp,0.000005,0,0,REJ,1,60,1,40,Probe
1552756860.49696,192.168.0.106,33020,192.168.0.104,2910,tcp,0.000004,0,0,REJ,1,60,1,40,Probe
1552756860.49701,192.168.0.106,35170,192.168.0.104,5544,tcp,0.000004,0,0,REJ,1,60,1,40,Probe
1552756860.49706,192.168.0.106,47256,192.168.0.104,8383,tcp,0.000005,0,0,REJ,1,60,1,40,Probe
1552756860.4971,192.168.0.106,33502,192.168.0.104,1455,tcp,0.000004,0,0,REJ,1,60,1,40,Probe
1552756860.49715,192.168.0.106,33212,192.168.0.104,17988,tcp,0.000004,0,0,REJ,1,60,1,40,Probe
1552756860.4972,192.168.0.106,46070,192.168.0.104,163,tcp,0.000004,0,0,REJ,1,60,1,40,Probe
1552756860.49723,192.168.0.106,52850,192.168.0.104,3404,tcp,0.000004,0,0,REJ,1,60,1,40,Probe
1552756860.49729,192.168.0.106,38298,192.168.0.104,4,tcp,0.000005,0,0,REJ,1,60,1,40,Probe
1552756860.49734,192.168.0.106,40250,192.168.0.104,5225,tcp,0.000005,0,0,REJ,1,60,1,40,Probe
1552756860.49737,192.168.0.106,41190,192.168.0.104,10180,tcp,0.000003,0,0,REJ,1,60,1,40,Probe
1552756860.49742,192.168.0.106,39168,192.168.0.104,32780,tcp,0.000004,0,0,REJ,1,60,1,40,Probe
1552756860.49747,192.168.0.106,58296,192.168.0.104,1089,tcp,0.000004,0,0,REJ,1,60,1,40,Probe
1552756860.4975,192.168.0.106,39600,192.168.0.104,1090,tcp,0.000003,0,0,REJ,1,60,1,40,Probe
1552756860.49755,192.168.0.106,43762,192.168.0.104,5901,tcp,0.000005,0,0,REJ,1,60,1,40,Probe
1552756860.49761,192.168.0.106,38384,192.168.0.104,27353,tcp,0.000004,0,0,REJ,1,60,1,40,Probe
1552756860.49768,192.168.0.106,38926,192.168.0.104,3580,tcp,0.000004,0,0,REJ,1,60,1,40,Probe
1552756860.49774,192.168.0.106,38066,192.168.0.104,6580,tcp,0.000005,0,0,REJ,1,60,1,40,Probe
1552756860.4978,192.168.0.106,47424,192.168.0.104,30,tcp,0.000004,0,0,REJ,1,60,1,40,Probe
1552756860.49783,192.168.0.106,47662,192.168.0.104,1054,tcp,0.000004,0,0,REJ,1,60,1,40,Probe
1552756860.49799,192.168.0.106,42012,192.168.0.104,3371,tcp,0.000004,0,0,REJ,1,60,1,40,Probe
1552756860.49804,192.168.0.106,52592,192.168.0.104,636,tcp,0.000004,0,0,REJ,1,60,1,40,Probe
1552756860.4981,192.168.0.106,54996,192.168.0.104,1028,tcp,0.000004,0,0,REJ,1,60,1,40,Probe
1552756860.49813,192.168.0.106,51186,192.168.0.104,4662,tcp,0.000004,0,0,REJ,1,60,1,40,Probe
1552756860.49818,192.168.0.106,35134,192.168.0.104,515,tcp,0.000004,0,0,REJ,1,60,1,40,Probe
1552756860.49823,192.168.0.106,52272,192.168.0.104,40193,tcp,0.000018,0,0,REJ,1,60,1,40,Probe
1552756860.49831,192.168.0.106,54256,192.168.0.104,2048,tcp,0.000005,0,0,REJ,1,60,1,40,Probe
1552756860.49837,192.168.0.106,35340,192.168.0.104,1021,tcp,0.000005,0,0,REJ,1,60,1,40,Probe
1552756860.49842,192.168.0.106,56050,192.168.0.104,1201,tcp,0.000005,0,0,REJ,1,60,1,40,Probe
1552756860.49848,192.168.0.106,35236,192.168.0.104,15000,tcp,0.000004,0,0,REJ,1,60,1,40,Probe
1552756860.49854,192.168.0.106,56942,192.168.0.104,2909,tcp,0.000005,0,0,REJ,1,60,1,40,Probe
1552756860.4986,192.168.0.106,46060,192.168.0.104,1137,tcp,0.000004,0,0,REJ,1,60,1,40,Probe
1552756860.49865,192.168.0.106,35666,192.168.0.104,1503,tcp,0.000005,0,0,REJ,1,60,1,40,Probe
1552756860.49871,192.168.0.106,46534,192.168.0.104,1272,tcp,0.000005,0,0,REJ,1,60,1,40,Probe
1552756860.49877,192.168.0.106,34458,192.168.0.104,12000,tcp,0.000004,0,0,REJ,1,60,1,40,Probe
1552756860.49883,192.168.0.106,56292,192.168.0.104,987,tcp,0.000005,0,0,REJ,1,60,1,40,Probe
1552756860.49888,192.168.0.106,56932,192.168.0.104,3851,tcp,0.000005,0,0,REJ,1,60,1,40,Probe
1552756860.49894,192.168.0.106,54754,192.168.0.104,1044,tcp,0.000004,0,0,REJ,1,60,1,40,Probe
1552756860.499,192.168.0.106,44540,192.168.0.104,16992,tcp,0.000005,0,0,REJ,1,60,1,40,Probe
1552756860.49906,192.168.0.106,35436,192.168.0.104,27352,tcp,0.000005,0,0,REJ,1,60,1,40,Probe
1552756860.49911,192.168.0.106,57516,192.168.0.104,6007,tcp,0.000005,0,0,REJ,1,60,1,40,Probe
1552756860.49917,192.168.0.106,34320,192.168.0.104,5903,tcp,0.000005,0,0,REJ,1,60,1,40,Probe
1552756860.49923,192.168.0.106,49954,192.168.0.104,700,tcp,0.000005,0,0,REJ,1,60,1,40,Probe
1552756860.49929,192.168.0.106,50832,192.168.0.104,5825,tcp,0.000004,0,0,REJ,1,60,1,40,Probe
1552756860.49935,192.168.0.106,56992,192.168.0.104,1154,tcp,0.000005,0,0,REJ,1,60,1,40,Probe
1552756860.4994,192.168.0.106,49698,192.168.0.104,50006,tcp,0.000005,0,0,REJ,1,60,1,40,Probe
1552756860.49946,192.168.0.106,46728,192.168.0.104,1862,tcp,0.000005,0,0,REJ,1,60,1,40,Probe
1552756860.49951,192.168.0.106,56342,192.168.0.104,119,tcp,0.000004,0,0,REJ,1,60,1,40,Probe
1552756860.49956,192.168.0.106,46920,192.168.0.104,1,tcp,0.000005,0,0,REJ,1,60,1,40,Probe
1552756860.53359,192.168.0.106,56304,192.168.0.104,555,tcp,0.000005,0,0,REJ,1,60,1,40,Probe
1552756860.53597,192.168.0.106,39588,192.168.0.104,1500,tcp,0.000004,0,0,REJ,1,60,1,40,Probe
1552756860.53015,192.168.0.106,40312,192.168.0.104,6003,tcp,0.000004,0,0,REJ,1,60,1,40,Probe
1552756860.53694,192.168.0.106,58014,192.168.0.104,1864,tcp,0.000003,0,0,REJ,1,60,1,40,Probe
1552756860.53748,192.168.0.106,53008,192.168.0.104,9101,tcp,0.000004,0,0,REJ,1,60,1,40,Probe
1552756860.53797,192.168.0.106,40276,192.168.0.104,5087,tcp,0.000004,0,0,REJ,1,60,1,40,Probe
1552756860.54468,192.168.0.106,56378,192.168.0.104,27355,tcp,0.000004,0,0,REJ,1,60,1,40,Probe
1552756860.52814,192.168.0.106,49190,192.168.0.104,8899,tcp,0.000003,0,0,REJ,1,60,1,40,Probe
1552756860.53034,192.168.0.106,57464,192.168.0.104,2007,tcp,0.000004,0,0,REJ,1,60,1,40,Probe
1552756860.53877,192.168.0.106,57830,192.168.0.104,2500,tcp,0.000004,0,0,REJ,1,60,1,40,Probe
1552756860.5349,192.168.0.106,48742,192.168.0.104,49,tcp,0.000004,0,0,REJ,1,60,1,40,Probe
1552756860.5284,192.168.0.106,56608,192.168.0.104,8081,tcp,0.000004,0,0,REJ,1,60,1,40,Probe
1552756860.54128,192.168.0.106,59026,192.168.0.104,1840,tcp,0.000004,0,0,REJ,1,60,1,40,Probe
1552756860.52869,192.168.0.106,42682,192.168.0.104,631,tcp,0.000003,0,0,REJ,1,60,1,40,Probe
1552756860.5341,192.168.0.106,57416,192.168.0.104,24,tcp,0.000003,0,0,REJ,1,60,1,40,Probe
1552756860.53278,192.168.0.106,32888,192.168.0.104,3269,tcp,0.000003,0,0,REJ,1,60,1,40,Probe
1552756860.53298,192.168.0.106,52090,192.168.0.104,10243,tcp,0.000004,0,0,REJ,1,60,1,40,Probe
1552756860.53647,192.168.0.106,33530,192.168.0.104,7103,tcp,0.000004,0,0,REJ,1,60,1,40,Probe
1552756860.54313,192.168.0.106,36466,192.168.0.104,2010,tcp,0.000003,0,0,REJ,1,60,1,40,Probe
1552756860.52914,192.168.0.106,59244,192.168.0.104,1085,tcp,0.000004,0,0,REJ,1,60,1,40,Probe
1552756860.53552,192.168.0.106,53538,192.168.0.104,1024,tcp,0.000003,0,0,REJ,1,60,1,40,Probe
1552756860.53886,192.168.0.106,53820,192.168.0.104,5998,tcp,0.000003,0,0,REJ,1,60,1,40,Probe
1552756860.54023,192.168.0.106,60068,192.168.0.104,125,tcp,0.000004,0,0,REJ,1,60,1,40,Probe
1552756860.53677,192.168.0.106,52406,192.168.0.104,1119,tcp,0.000004,0,0,REJ,1,60,1,40,Probe
1552756860.5283,192.168.0.106,53256,192.168.0.104,32,tcp,0.000004,0,0,REJ,1,60,1,40,Probe
1552756860.53037,192.168.0.106,37450,192.168.0.104,340,tcp,0.000003,0,0,REJ,1,60,1,40,Probe
1552756860.54109,192.168.0.106,52008,192.168.0.104,51103,tcp,0.000004,0,0,REJ,1,60,1,40,Probe
1552756860.54254,192.168.0.106,42192,192.168.0.104,687,tcp,0.000004,0,0,REJ,1,60,1,40,Probe
1552756860.54288,192.168.0.106,35502,192.168.0.104,5222,tcp,0.000004,0,0,REJ,1,60,1,40,Probe
1552756860.53007,192.168.0.106,35512,192.168.0.104,49163,tcp,0.000003,0,0,REJ,1,60,1,40,Probe
1552756860.54114,192.168.0.106,32892,192.168.0.104,9876,tcp,0.000004,0,0,REJ,1,60,1,40,Probe
1552756860.54365,192.168.0.106,43504,192.168.0.104,1043,tcp,0.000004,0,0,REJ,1,60,1,40,Probe
1552756860.52825,192.168.0.106,54768,192.168.0.104,1087,tcp,0.000003,0,0,REJ,1,60,1,40,Probe
1552756860.53568,192.168.0.106,60972,192.168.0.104,1132,tcp,0.000004,0,0,REJ,1,60,1,40,Probe
1552756860.5271,192.168.0.106,59908,192.168.0.104,6567,tcp,0.000004,0,0,REJ,1,60,1,40,Probe
1552756860.53953,192.168.0.106,47282,192.168.0.104,8200,tcp,0.000005,0,0,REJ,1,60,1,40,Probe
1552756860.53213,192.168.0.106,40770,192.168.0.104,16113,tcp,0.000003,0,0,REJ,1,60,1,40,Probe
1552756860.53709,192.168.0.106,42750,192.168.0.104,2126,tcp,0.000003,0,0,REJ,1,60,1,40,Probe
1552756860.53401,192.168.0.106,60604,192.168.0.104,7001,tcp,0.000004,0,0,REJ,1,60,1,40,Probe
1552756860.53482,192.168.0.106,35150,192.168.0.104,2604,tcp,0.000004,0,0,REJ,1,60,1,40,Probe
1552756860.53241,192.168.0.106,34320,192.168.0.104,416,tcp,0.000004,0,0,REJ,1,60,1,40,Probe
1552756860.53577,192.168.0.106,53686,192.168.0.104,1035,tcp,0.000004,0,0,REJ,1,60,1,40,Probe
1552756860.54375,192.168.0.106,55094,192.168.0.104,4002,tcp,0.000003,0,0,REJ,1,60,1,40,Probe
1552756860.54201,192.168.0.106,46130,192.168.0.104,2998,tcp,0.000004,0,0,REJ,1,60,1,40,Probe
1552756860.52862,192.168.0.106,48982,192.168.0.104,10010,tcp,0.000003,0,0,REJ,1,60,1,40,Probe
1552756860.53071,192.168.0.106,45346,192.168.0.104,843,tcp,0.000005,0,0,REJ,1,60,1,40,Probe
1552756860.53256,192.168.0.106,48688,192.168.0.104,6547,tcp,0.000004,0,0,REJ,1,60,1,40,Probe
1552756860.53745,192.168.0.106,43216,192.168.0.104,19,tcp,0.000005,0,0,REJ,1,60,1,40,Probe
1552756860.53204,192.168.0.106,59232,192.168.0.104,2492,tcp,0.000004,0,0,REJ,1,60,1,40,Probe
1552756860.52948,192.168.0.106,35614,192.168.0.104,10012,tcp,0.000004,0,0,REJ,1,60,1,40,Probe
1552756860.53343,192.168.0.106,54060,192.168.0.104,6779,tcp,0.000004,0,0,REJ,1,60,1,40,Probe
1552756860.53842,192.168.0.106,46962,192.168.0.104,52869,tcp,0.000004,0,0,REJ,1,60,1,40,Probe
1552756860.53372,192.168.0.106,56334,192.168.0.104,625,tcp,0.000004,0,0,REJ,1,60,1,40,Probe
1552756860.54398,192.168.0.106,59894,192.168.0.104,3323,tcp,0.000004,0,0,REJ,1,60,1,40,Probe
1552756860.52741,192.168.0.106,40082,192.168.0.104,8087,tcp,0.000003,0,0,REJ,1,60,1,40,Probe
1552756860.53057,192.168.0.106,48698,192.168.0.104,2008,tcp,0.000004,0,0,REJ,1,60,1,40,Probe
1552756860.53161,192.168.0.106,32874,192.168.0.104,5989,tcp,0.000004,0,0,REJ,1,60,1,40,Probe
1552756860.5365,192.168.0.106,45698,192.168.0.104,61532,tcp,0.000003,0,0,REJ,1,60,1,40,Probe
1552756860.54407,192.168.0.106,37212,192.168.0.104,5822,tcp,0.000003,0,0,REJ,1,60,1,40,Probe
1552756860.52805,192.168.0.106,37368,192.168.0.104,7200,tcp,0.000005,0,0,REJ,1,60,1,40,Probe
1552756860.52911,192.168.0.106,33728,192.168.0.104,1721,tcp,0.000004,0,0,REJ,1,60,1,40,Probe
1552756860.5295,192.168.0.106,47108,192.168.0.104,2920,tcp,0.000003,0,0,REJ,1,60,1,40,Probe
1552756860.53126,192.168.0.106,47962,192.168.0.104,34571,tcp,0.000004,0,0,REJ,1,60,1,40,Probe
1552756860.53168,192.168.0.106,44732,192.168.0.104,9002,tcp,0.000004,0,0,REJ,1,60,1,40,Probe
1552756860.53759,192.168.0.106,33778,192.168.0.104,1011,tcp,0.000005,0,0,REJ,1,60,1,40,Probe
1552756860.54353,192.168.0.106,58166,192.168.0.104,3784,tcp,0.000004,0,0,REJ,1,60,1,40,Probe
1552756860.52874,192.168.0.106,48334,192.168.0.104,9418,tcp,0.000004,0,0,REJ,1,60,1,40,Probe
1552756860.53239,192.168.0.106,35178,192.168.0.104,1070,tcp,0.000004,0,0,REJ,1,60,1,40,Probe
1552756860.5346,192.168.0.106,58962,192.168.0.104,5050,tcp,0.000004,0,0,REJ,1,60,1,40,Probe
1552756860.54233,192.168.0.106,48168,192.168.0.104,1145,tcp,0.000003,0,0,REJ,1,60,1,40,Probe
1552756860.54475,192.168.0.106,50724,192.168.0.104,1098,tcp,0.000005,0,0,REJ,1,60,1,40,Probe
1552756860.5299,192.168.0.106,34198,192.168.0.104,9081,tcp,0.000004,0,0,REJ,1,60,1,40,Probe
1552756860.53628,192.168.0.106,45696,192.168.0.104,106,tcp,0.000003,0,0,REJ,1,60,1,40,Probe
1552756860.52998,192.168.0.106,44326,192.168.0.104,5033,tcp,0.000004,0,0,REJ,1,60,1,40,Probe
1552756860.53176,192.168.0.106,55572,192.168.0.104,10001,tcp,0.000004,0,0,REJ,1,60,1,40,Probe
1552756860.53328,192.168.0.106,58858,192.168.0.104,5810,tcp,0.000005,0,0,REJ,1,60,1,40,Probe
1552756860.54492,192.168.0.106,50156,192.168.0.104,5269,tcp,0.000003,0,0,REJ,1,60,1,40,Probe
1552756860.54405,192.168.0.106,48734,192.168.0.104,648,tcp,0.000004,0,0,REJ,1,60,1,40,Probe
1552756860.533,192.168.0.106,33422,192.168.0.104,5922,tcp,0.000003,0,0,REJ,1,60,1,40,Probe
1552756860.54204,192.168.0.106,46454,192.168.0.104,3826,tcp,0.000003,0,0,REJ,1,60,1,40,Probe
1552756860.5344,192.168.0.106,59396,192.168.0.104,10025,tcp,0.000004,0,0,REJ,1,60,1,40,Probe
1552756860.52837,192.168.0.106,37732,192.168.0.104,3007,tcp,0.000005,0,0,REJ,1,60,1,40,Probe
1552756860.54342,192.168.0.106,46732,192.168.0.104,7402,tcp,0.000003,0,0,REJ,1,60,1,40,Probe
1552756860.54422,192.168.0.106,50550,192.168.0.104,18101,tcp,0.000004,0,0,REJ,1,60,1,40,Probe
1552756860.53049,192.168.0.106,41936,192.168.0.104,1032,tcp,0.000004,0,0,REJ,1,60,1,40,Probe
1552756860.54092,192.168.0.106,34250,192.168.0.104,1010,tcp,0.000004,0,0,REJ,1,60,1,40,Probe
1552756860.53218,192.168.0.106,36964,192.168.0.104,3801,tcp,0.000004,0,0,REJ,1,60,1,40,Probe
1552756860.53802,192.168.0.106,42068,192.168.0.104,30718,tcp,0.000004,0,0,REJ,1,60,1,40,Probe
1552756860.53423,192.168.0.106,57588,192.168.0.104,1700,tcp,0.000004,0,0,REJ,1,60,1,40,Probe
1552756860.52867,192.168.0.106,50184,192.168.0.104,55055,tcp,0.000004,0,0,REJ,1,60,1,40,Probe
1552756860.54252,192.168.0.106,33076,192.168.0.104,57294,tcp,0.000004,0,0,REJ,1,60,1,40,Probe
1552756860.53706,192.168.0.106,37402,192.168.0.104,4003,tcp,0.000004,0,0,REJ,1,60,1,40,Probe
1552756860.53672,192.168.0.106,42668,192.168.0.104,3128,tcp,0.000003,0,0,REJ,1,60,1,40,Probe
1552756860.53805,192.168.0.106,35678,192.168.0.104,6666,tcp,0.000021,0,0,REJ,1,60,1,40,Probe
1552756860.54012,192.168.0.106,35306,192.168.0.104,9594,tcp,0.000004,0,0,REJ,1,60,1,40,Probe
1552756860.54159,192.168.0.106,55106,192.168.0.104,1082,tcp,0.000004,0,0,REJ,1,60,1,40,Probe
1552756860.52723,192.168.0.106,41534,192.168.0.104,3998,tcp,0.000005,0,0,REJ,1,60,1,40,Probe
1552756860.53985,192.168.0.106,48674,192.168.0.104,15742,tcp,0.000004,0,0,REJ,1,60,1,40,Probe
1552756778.28885,192.168.0.104,60824,192.168.0.106,80,tcp,0.000227,0,0,REJ,1,60,1,40,Probe
1552756778.28887,192.168.0.104,57670,192.168.0.106,443,tcp,0.000233,0,0,REJ,1,60,1,40,Probe
1552756791.30144,192.168.0.104,56616,192.168.0.106,714,tcp,0.00032,0,0,REJ,1,60,1,40,Probe
1552756791.29898,192.168.0.104,51310,192.168.0.106,24800,tcp,0.000124,0,0,REJ,1,60,1,40,Probe
1552756791.30259,192.168.0.104,38160,192.168.0.106,8008,tcp,0.000329,0,0,REJ,1,60,1,40,Probe
1552756791.30306,192.168.0.104,57308,192.168.0.106,3851,tcp,0.000322,0,0,REJ,1,60,1,40,Probe
1552756791.29952,192.168.0.104,34616,192.168.0.106,32784,tcp,0.000159,0,0,REJ,1,60,1,40,Probe
1552756791.3013,192.168.0.104,34426,192.168.0.106,3945,tcp,0.00026,0,0,REJ,1,60,1,40,Probe
1552756791.29683,192.168.0.104,48950,192.168.0.106,6101,tcp,0.000316,0,0,REJ,1,60,1,40,Probe
1552756791.30393,192.168.0.104,38510,192.168.0.106,32776,tcp,0.000307,0,0,REJ,1,60,1,40,Probe
1552756791.30438,192.168.0.104,58742,192.168.0.106,1061,tcp,0.000297,0,0,REJ,1,60,1,40,Probe
1552756791.29852,192.168.0.104,35352,192.168.0.106,5678,tcp,0.000117,0,0,REJ,1,60,1,40,Probe
1552756791.30232,192.168.0.104,48814,192.168.0.106,10243,tcp,0.000298,0,0,REJ,1,60,1,40,Probe
1552756791.2995,192.168.0.104,33898,192.168.0.106,5440,tcp,0.000157,0,0,REJ,1,60,1,40,Probe
1552756791.30461,192.168.0.104,32952,192.168.0.106,55055,tcp,0.00035,0,0,REJ,1,60,1,40,Probe
1552756791.30615,192.168.0.104,51528,192.168.0.106,1812,tcp,0.000365,0,0,REJ,1,60,1,40,Probe
1552756791.29706,192.168.0.104,42008,192.168.0.106,524,tcp,0.000378,0,0,REJ,1,60,1,40,Probe
1552756791.29766,192.168.0.104,39184,192.168.0.106,481,tcp,0.000557,0,0,REJ,1,60,1,40,Probe
1552756791.30182,192.168.0.104,44408,192.168.0.106,787,tcp,0.000264,0,0,REJ,1,60,1,40,Probe
1552756791.30265,192.168.0.104,36314,192.168.0.106,12265,tcp,0.00034,0,0,REJ,1,60,1,40,Probe
1552756791.30352,192.168.0.104,50058,192.168.0.106,23502,tcp,0.000326,0,0,REJ,1,60,1,40,Probe
1552756791.30416,192.168.0.104,58462,192.168.0.106,4343,tcp,0.000375,0,0,REJ,1,60,1,40,Probe
1552756791.30598,192.168.0.104,54640,192.168.0.106,1494,tcp,0.000324,0,0,REJ,1,60,1,40,Probe
1552756791.29814,192.168.0.104,60526,192.168.0.106,2200,tcp,0.000223,0,0,REJ,1,60,1,40,Probe
1552756791.30001,192.168.0.104,47224,192.168.0.106,1521,tcp,0.000162,0,0,REJ,1,60,1,40,Probe
1552756791.30361,192.168.0.104,53432,192.168.0.106,1287,tcp,0.000351,0,0,REJ,1,60,1,40,Probe
1552756791.30439,192.168.0.104,47268,192.168.0.106,24,tcp,0.000298,0,0,REJ,1,60,1,40,Probe
1552756791.30012,192.168.0.104,47220,192.168.0.106,9500,tcp,0.000194,0,0,REJ,1,60,1,40,Probe
1552756791.29851,192.168.0.104,45316,192.168.0.106,26,tcp,0.000115,0,0,REJ,1,60,1,40,Probe
1552756791.30066,192.168.0.104,56582,192.168.0.106,687,tcp,0.000205,0,0,REJ,1,60,1,40,Probe
1552756791.30676,192.168.0.104,53662,192.168.0.106,49159,tcp,0.000396,0,0,REJ,1,60,1,40,Probe
1552756791.3023,192.168.0.104,34422,192.168.0.106,2100,tcp,0.000294,0,0,REJ,1,60,1,40,Probe
1552756791.29361,192.168.0.104,49282,192.168.0.106,554,tcp,0.000251,0,0,REJ,1,60,1,40,Probe
1552756791.29896,192.168.0.104,46464,192.168.0.106,14000,tcp,0.000125,0,0,REJ,1,60,1,40,Probe
1552756791.30255,192.168.0.104,33054,192.168.0.106,5510,tcp,0.000318,0,0,REJ,1,60,1,40,Probe
1552756791.30571,192.168.0.104,57736,192.168.0.106,3476,tcp,0.000377,0,0,REJ,1,60,1,40,Probe
1552756791.30603,192.168.0.104,50250,192.168.0.106,40193,tcp,0.00033,0,0,REJ,1,60,1,40,Probe
1552756791.30114,192.168.0.104,37352,192.168.0.106,1233,tcp,0.000301,0,0,REJ,1,60,1,40,Probe
1552756791.29886,192.168.0.104,57648,192.168.0.106,1998,tcp,0.00008,0,0,REJ,1,60,1,40,Probe
1552756791.30336,192.168.0.104,58154,192.168.0.106,1783,tcp,0.00026,0,0,REJ,1,60,1,40,Probe
1552756791.30106,192.168.0.104,56842,192.168.0.106,8086,tcp,0.00028,0,0,REJ,1,60,1,40,Probe
1552756791.30462,192.168.0.104,54864,192.168.0.106,5800,tcp,0.000354,0,0,REJ,1,60,1,40,Probe
1552756791.29484,192.168.0.104,55822,192.168.0.106,9998,tcp,0.000217,0,0,REJ,1,60,1,40,Probe
1552756791.30595,192.168.0.104,50786,192.168.0.106,9001,tcp,0.000305,0,0,REJ,1,60,1,40,Probe
1552756791.3065,192.168.0.104,36288,192.168.0.106,8007,tcp,0.000314,0,0,REJ,1,60,1,40,Probe
1552756791.30012,192.168.0.104,47446,192.168.0.106,749,tcp,0.000192,0,0,REJ,1,60,1,40,Probe
1552756791.30385,192.168.0.104,42258,192.168.0.106,1805,tcp,0.000284,0,0,REJ,1,60,1,40,Probe
1552756791.30675,192.168.0.104,52032,192.168.0.106,5903,tcp,0.000382,0,0,REJ,1,60,1,40,Probe
1552756791.30009,192.168.0.104,45676,192.168.0.106,255,tcp,0.000169,0,0,REJ,1,60,1,40,Probe
1552756791.30257,192.168.0.104,56330,192.168.0.106,20005,tcp,0.000321,0,0,REJ,1,60,1,40,Probe
1552756791.30333,192.168.0.104,56884,192.168.0.106,5087,tcp,0.000253,0,0,REJ,1,60,1,40,Probe
1552756791.30504,192.168.0.104,44784,192.168.0.106,2005,tcp,0.000306,0,0,REJ,1,60,1,40,Probe
1552756791.30551,192.168.0.104,35406,192.168.0.106,1166,tcp,0.00035,0,0,REJ,1,60,1,40,Probe
1552756791.29989,192.168.0.104,33142,192.168.0.106,4129,tcp,0.000126,0,0,REJ,1,60,1,40,Probe
1552756791.29719,192.168.0.104,42004,192.168.0.106,1875,tcp,0.000432,0,0,REJ,1,60,1,40,Probe
1552756791.29899,192.168.0.104,33294,192.168.0.106,42,tcp,0.000129,0,0,REJ,1,60,1,40,Probe
1552756791.30083,192.168.0.104,42126,192.168.0.106,543,tcp,0.000129,0,0,REJ,1,60,1,40,Probe
1552756791.30567,192.168.0.104,49320,192.168.0.106,1755,tcp,0.000365,0,0,REJ,1,60,1,40,Probe
1552756791.306,192.168.0.104,57890,192.168.0.106,2601,tcp,0.000327,0,0,REJ,1,60,1,40,Probe
1552756791.30233,192.168.0.104,38806,192.168.0.106,2119,tcp,0.000299,0,0,REJ,1,60,1,40,Probe
1552756791.29469,192.168.0.104,44726,192.168.0.106,9040,tcp,0.00017,0,0,REJ,1,60,1,40,Probe
1552756791.3027,192.168.0.104,53804,192.168.0.106,1124,tcp,0.000371,0,0,REJ,1,60,1,40,Probe
1552756791.30407,192.168.0.104,37326,192.168.0.106,1079,tcp,0.000347,0,0,REJ,1,60,1,40,Probe
1552756791.30506,192.168.0.104,47048,192.168.0.106,3809,tcp,0.000312,0,0,REJ,1,60,1,40,Probe
1552756791.3037,192.168.0.104,60720,192.168.0.106,1,tcp,0.000386,0,0,REJ,1,60,1,40,Probe
1552756791.3051,192.168.0.104,57594,192.168.0.106,1090,tcp,0.00033,0,0,REJ,1,60,1,40,Probe
1552756791.29946,192.168.0.104,42486,192.168.0.106,1688,tcp,0.000128,0,0,REJ,1,60,1,40,Probe
1552756791.30547,192.168.0.104,37358,192.168.0.106,10025,tcp,0.000347,0,0,REJ,1,60,1,40,Probe
1552756791.30668,192.168.0.104,46076,192.168.0.106,563,tcp,0.000356,0,0,REJ,1,60,1,40,Probe
1552756791.29413,192.168.0.104,32878,192.168.0.106,843,tcp,0.000247,0,0,REJ,1,60,1,40,Probe
1552756791.30246,192.168.0.104,52786,192.168.0.106,3546,tcp,0.000297,0,0,REJ,1,60,1,40,Probe
1552756791.30515,192.168.0.104,57856,192.168.0.106,2111,tcp,0.000345,0,0,REJ,1,60,1,40,Probe
1552756791.30638,192.168.0.104,45308,192.168.0.106,13782,tcp,0.000283,0,0,REJ,1,60,1,40,Probe
1552756791.29478,192.168.0.104,49044,192.168.0.106,64680,tcp,0.000199,0,0,REJ,1,60,1,40,Probe
1552756791.30035,192.168.0.104,34070,192.168.0.106,9575,tcp,0.000133,0,0,REJ,1,60,1,40,Probe
1552769100.46162,192.168.0.104,0,184.139.43.152,8,icmp,0,0,0,OTH,1,28,0,0,DOS
1552769103.98573,192.168.0.104,0,150.236.195.235,8,icmp,0,0,0,OTH,1,28,0,0,DOS
1552769101.19785,192.168.0.104,0,219.16.75.184,8,icmp,0,0,0,OTH,1,28,0,0,DOS
1552769099.42148,192.168.0.104,0,152.94.169.235,8,icmp,0,0,0,OTH,1,28,0,0,DOS
1552769099.4716,192.168.0.104,0,251.105.53.156,8,icmp,0,0,0,OTH,1,28,0,0,DOS
1552769102.24517,192.168.0.104,0,95.94.252.152,8,icmp,0,0,0,OTH,1,28,0,0,DOS
1552769103.03426,192.168.0.104,0,157.64.75.169,8,icmp,0,0,0,OTH,1,28,0,0,DOS
1552769101.26905,192.168.0.104,0,166.236.125.63,8,icmp,0,0,0,OTH,1,28,0,0,DOS
1552769101.87133,192.168.0.104,0,41.231.138.196,8,icmp,0,0,0,OTH,1,28,0,0,DOS
1552769103.74677,192.168.0.104,0,61.8.233.192,8,icmp,0,0,0,OTH,1,28,0,0,DOS
1552769102.86877,192.168.0.104,0,18.175.223.138,8,icmp,0,0,0,OTH,1,28,0,0,DOS
1552769101.16264,192.168.0.104,0,187.83.27.175,8,icmp,0,0,0,OTH,1,28,0,0,DOS
1552769101.76967,192.168.0.104,0,94.148.108.97,8,icmp,0,0,0,OTH,1,28,0,0,DOS
1552769100.33288,192.168.0.104,0,28.242.38.191,8,icmp,0,0,0,OTH,1,28,0,0,DOS
1552769102.91904,192.168.0.104,0,10.169.94.86,8,icmp,0,0,0,OTH,1,28,0,0,DOS
1552769100.99349,192.168.0.104,0,38.89.190.253,8,icmp,0,0,0,OTH,1,28,0,0,DOS
1552769100.45523,192.168.0.104,0,90.105.18.222,8,icmp,0,0,0,OTH,1,28,0,0,DOS
1552769102.31837,192.168.0.104,0,68.228.160.228,8,icmp,0,0,0,OTH,1,28,0,0,DOS
1552769101.21477,192.168.0.104,0,97.49.53.228,8,icmp,0,0,0,OTH,1,28,0,0,DOS
1552769100.15033,192.168.0.104,0,182.160.148.4,8,icmp,0,0,0,OTH,1,28,0,0,DOS
1552769099.10698,192.168.0.104,0,129.137.103.142,8,icmp,0,0,0,OTH,1,28,0,0,DOS
1552769102.32789,192.168.0.104,0,90.134.140.63,8,icmp,0,0,0,OTH,1,28,0,0,DOS
1552769099.48628,192.168.0.104,0,173.58.153.170,8,icmp,0,0,0,OTH,1,28,0,0,DOS
1552769104.45874,192.168.0.104,0,71.145.83.145,8,icmp,0,0,0,OTH,1,28,0,0,DOS
1552769102.90686,192.168.0.104,0,245.198.38.123,8,icmp,0,0,0,OTH,1,28,0,0,DOS
1552769099.67173,192.168.0.104,0,64.187.241.58,8,icmp,0,0,0,OTH,1,28,0,0,DOS
1552769100.67669,192.168.0.104,0,243.150.170.100,8,icmp,0,0,0,OTH,1,28,0,0,DOS
1552769104.12173,192.168.0.104,0,139.63.217.71,8,icmp,0,0,0,OTH,1,28,0,0,DOS
1552769102.03606,192.168.0.104,0,86.53.49.213,8,icmp,0,0,0,OTH,1,28,0,0,DOS
1552769104.0392,192.168.0.104,0,58.19.176.83,8,icmp,0,0,0,OTH,1,28,0,0,DOS
1552769104.18692,192.168.0.104,0,125.4.234.197,8,icmp,0,0,0,OTH,1,28,0,0,DOS
1552769102.00285,192.168.0.104,0,201.87.139.71,8,icmp,0,0,0,OTH,1,28,0,0,DOS
1552769103.61692,192.168.0.104,0,170.223.217.202,8,icmp,0,0,0,OTH,1,28,0,0,DOS
1552769104.22182,192.168.0.104,0,153.212.94.66,8,icmp,0,0,0,OTH,1,28,0,0,DOS
1552769101.79519,192.168.0.104,0,191.26.179.190,8,icmp,0,0,0,OTH,1,28,0,0,DOS
1552769101.82123,192.168.0.104,0,221.103.253.64,8,icmp,0,0,0,OTH,1,28,0,0,DOS
1552769103.33604,192.168.0.104,0,105.226.24.125,8,icmp,0,0,0,OTH,1,28,0,0,DOS
1552769102.09536,192.168.0.104,0,100.216.119.129,8,icmp,0,0,0,OTH,1,28,0,0,DOS
1552769102.85817,192.168.0.104,0,138.83.106.184,8,icmp,0,0,0,OTH,1,28,0,0,DOS
1552769100.484,192.168.0.104,0,61.214.108.99,8,icmp,0,0,0,OTH,1,28,0,0,DOS
1552769100.7623,192.168.0.104,0,8.100.222.172,8,icmp,0,0,0,OTH,1,28,0,0,DOS
1552769099.84768,192.168.0.104,0,123.162.82.42,8,icmp,0,0,0,OTH,1,28,0,0,DOS
1552769101.41494,192.168.0.104,0,156.192.145.90,8,icmp,0,0,0,OTH,1,28,0,0,DOS
1552769099.58178,192.168.0.104,0,49.107.106.129,8,icmp,0,0,0,OTH,1,28,0,0,DOS
1552769101.19781,192.168.0.104,0,107.53.150.84,8,icmp,0,0,0,OTH,1,28,0,0,DOS
1552769103.64667,192.168.0.104,0,123.134.74.36,8,icmp,0,0,0,OTH,1,28,0,0,DOS
1552769103.65084,192.168.0.104,0,172.223.103.235,8,icmp,0,0,0,OTH,1,28,0,0,DOS
1552769101.26453,192.168.0.104,0,245.75.163.252,8,icmp,0,0,0,OTH,1,28,0,0,DOS
1552769100.89636,192.168.0.104,0,119.53.183.184,8,icmp,0,0,0,OTH,1,28,0,0,DOS
1552769103.94467,192.168.0.104,0,202.153.53.84,8,icmp,0,0,0,OTH,1,28,0,0,DOS
1552769102.24504,192.168.0.104,0,218.226.63.43,8,icmp,0,0,0,OTH,1,28,0,0,DOS
1552769102.63833,192.168.0.104,0,21.95.172.184,8,icmp,0,0,0,OTH,1,28,0,0,DOS
1552769099.2092,192.168.0.104,0,123.119.174.142,8,icmp,0,0,0,OTH,1,28,0,0,DOS
1552769101.77546,192.168.0.104,0,225.75.227.252,8,icmp,0,0,0,OTH,1,28,0,0,DOS
1552769101.899,192.168.0.104,0,148.223.170.94,8,icmp,0,0,0,OTH,1,28,0,0,DOS
1552769101.07537,192.168.0.104,0,245.253.139.202,8,icmp,0,0,0,OTH,1,28,0,0,DOS
1552769101.37873,192.168.0.104,0,183.221.241.188,8,icmp,0,0,0,OTH,1,28,0,0,DOS
1552769103.24582,192.168.0.104,0,221.137.63.201,8,icmp,0,0,0,OTH,1,28,0,0,DOS
1552769099.27327,192.168.0.104,0,51.183.60.127,8,icmp,0,0,0,OTH,1,28,0,0,DOS
1552769103.19121,192.168.0.104,0,241.139.165.216,8,icmp,0,0,0,OTH,1,28,0,0,DOS
1552769099.89623,192.168.0.104,0,60.147.63.138,8,icmp,0,0,0,OTH,1,28,0,0,DOS
1552769101.29907,192.168.0.104,0,223.184.209.132,8,icmp,0,0,0,OTH,1,28,0,0,DOS
1552769101.16067,192.168.0.104,0,193.233.156.221,8,icmp,0,0,0,OTH,1,28,0,0,DOS
1552769103.83954,192.168.0.104,0,8.63.91.162,8,icmp,0,0,0,OTH,1,28,0,0,DOS
1552769099.46433,192.168.0.104,0,89.119.103.5,8,icmp,0,0,0,OTH,1,28,0,0,DOS
1552769102.93484,192.168.0.104,0,163.24.28.23,8,icmp,0,0,0,OTH,1,28,0,0,DOS
1552769103.8912,192.168.0.104,0,41.85.24.193,8,icmp,0,0,0,OTH,1,28,0,0,DOS
1552769104.11318,192.168.0.104,0,66.221.196.184,8,icmp,0,0,0,OTH,1,28,0,0,DOS
1552769103.02405,192.168.0.104,0,197.64.83.147,8,icmp,0,0,0,OTH,1,28,0,0,DOS
1552769102.00282,192.168.0.104,0,172.86.26.243,8,icmp,0,0,0,OTH,1,28,0,0,DOS
1552769100.58099,192.168.0.104,0,162.120.116.154,8,icmp,0,0,0,OTH,1,28,0,0,DOS
1552769102.24235,192.168.0.104,0,112.51.140.94,8,icmp,0,0,0,OTH,1,28,0,0,DOS
1552769102.83776,192.168.0.104,0,74.68.123.101,8,icmp,0,0,0,OTH,1,28,0,0,DOS
1552769102.53828,192.168.0.104,0,120.71.90.110,8,icmp,0,0,0,OTH,1,28,0,0,DOS
1552769102.10742,192.168.0.104,0,221.85.145.160,8,icmp,0,0,0,OTH,1,28,0,0,DOS
1552769102.79361,192.168.0.104,0,187.123.39.10,8,icmp,0,0,0,OTH,1,28,0,0,DOS
1552769101.76964,192.168.0.104,0,145.75.74.123,8,icmp,0,0,0,OTH,1,28,0,0,DOS
1552769100.67677,192.168.0.104,0,115.120.212.225,8,icmp,0,0,0,OTH,1,28,0,0,DOS
1552769101.69702,192.168.0.104,0,132.142.197.188,8,icmp,0,0,0,OTH,1,28,0,0,DOS
1552769099.36531,192.168.0.104,0,192.145.105.103,8,icmp,0,0,0,OTH,1,28,0,0,DOS
1552769102.59801,192.168.0.104,0,222.82.107.129,8,icmp,0,0,0,OTH,1,28,0,0,DOS
1552769102.12465,192.168.0.104,0,120.216.112.147,8,icmp,0,0,0,OTH,1,28,0,0,DOS
1552769100.51095,192.168.0.104,0,99.184.202.110,8,icmp,0,0,0,OTH,1,28,0,0,DOS
1552769102.48566,192.168.0.104,0,188.105.53.90,8,icmp,0,0,0,OTH,1,28,0,0,DOS
1552769102.85285,192.168.0.104,0,214.145.10.123,8,icmp,0,0,0,OTH,1,28,0,0,DOS
1552769104.15618,192.168.0.104,0,198.160.188.120,8,icmp,0,0,0,OTH,1,28,0,0,DOS
1552769103.88988,192.168.0.104,0,155.191.214.184,8,icmp,0,0,0,OTH,1,28,0,0,DOS
1552769100.54453,192.168.0.104,0,253.129.176.241,8,icmp,0,0,0,OTH,1,28,0,0,DOS
1552769099.33605,192.168.0.104,0,23.182.179.191,8,icmp,0,0,0,OTH,1,28,0,0,DOS
1552769100.37542,192.168.0.104,0,191.221.192.164,8,icmp,0,0,0,OTH,1,28,0,0,DOS
1552769102.22659,192.168.0.104,0,166.103.78.84,8,icmp,0,0,0,OTH,1,28,0,0,DOS
1552769101.88288,192.168.0.104,0,150.66.118.120,8,icmp,0,0,0,OTH,1,28,0,0,DOS
1552769103.07246,192.168.0.104,0,76.97.28.134,8,icmp,0,0,0,OTH,1,28,0,0,DOS
1552769099.77561,192.168.0.104,0,99.201.108.147,8,icmp,0,0,0,OTH,1,28,0,0,DOS
1552769102.31814,192.168.0.104,0,129.106.142.12,8,icmp,0,0,0,OTH,1,28,0,0,DOS
1552769099.99136,192.168.0.104,0,226.155.36.97,8,icmp,0,0,0,OTH,1,28,0,0,DOS
1552769101.93366,192.168.0.104,0,213.16.116.108,8,icmp,0,0,0,OTH,1,28,0,0,DOS
1552769099.20617,192.168.0.104,0,95.53.100.89,8,icmp,0,0,0,OTH,1,28,0,0,DOS
1552769103.0093,192.168.0.104,0,183.150.9.139,8,icmp,0,0,0,OTH,1,28,0,0,DOS
1552769102.23912,192.168.0.104,0,150.241.202.110,8,icmp,0,0,0,OTH,1,28,0,0,DOS
1552769101.5041,192.168.0.104,0,24.211.243.137,8,icmp,0,0,0,OTH,1,28,0,0,DOS
1552769101.97077,192.168.0.104,0,213.245.226.86,8,icmp,0,0,0,OTH,1,28,0,0,DOS
1552769102.09534,192.168.0.104,0,138.117.156.170,8,icmp,0,0,0,OTH,1,28,0,0,DOS
1552769104.36691,192.168.0.104,0,209.29.142.182,8,icmp,0,0,0,OTH,1,28,0,0,DOS
1552769101.88299,192.168.0.104,0,10.190.166.231,8,icmp,0,0,0,OTH,1,28,0,0,DOS
1552769101.89918,192.168.0.104,0,97.31.243.120,8,icmp,0,0,0,OTH,1,28,0,0,DOS
1552769101.52142,192.168.0.104,0,160.227.211.94,8,icmp,0,0,0,OTH,1,28,0,0,DOS
1552769104.45203,192.168.0.104,0,117.217.166.100,8,icmp,0,0,0,OTH,1,28,0,0,DOS
1552769102.34072,192.168.0.104,0,75.39.28.100,8,icmp,0,0,0,OTH,1,28,0,0,DOS
1552769099.89484,192.168.0.104,0,51.104.107.196,8,icmp,0,0,0,OTH,1,28,0,0,DOS
1552769102.05255,192.168.0.104,0,162.23.184.150,8,icmp,0,0,0,OTH,1,28,0,0,DOS
1552769099.29962,192.168.0.104,0,38.131.124.97,8,icmp,0,0,0,OTH,1,28,0,0,DOS
1552769100.49828,192.168.0.104,0,95.193.94.27,8,icmp,0,0,0,OTH,1,28,0,0,DOS
1552769103.33974,192.168.0.104,0,251.184.97.94,8,icmp,0,0,0,OTH,1,28,0,0,DOS
1552769102.50935,192.168.0.104,0,94.201.123.163,8,icmp,0,0,0,OTH,1,28,0,0,DOS
1552769102.11079,192.168.0.104,0,221.198.111.123,8,icmp,0,0,0,OTH,1,28,0,0,DOS
1552769099.45805,192.168.0.104,0,38.124.201.233,8,icmp,0,0,0,OTH,1,28,0,0,DOS
1552769101.86425,192.168.0.104,0,175.119.131.251,8,icmp,0,0,0,OTH,1,28,0,0,DOS
1552769103.86498,192.168.0.104,0,38.138.100.83,8,icmp,0,0,0,OTH,1,28,0,0,DOS
1552769099.67099,192.168.0.104,0,190.216.31.105,8,icmp,0,0,0,OTH,1,28,0,0,DOS
1552769099.05678,192.168.0.104,0,97.223.9.164,8,icmp,0,0,0,OTH,1,28,0,0,DOS
1552769103.13003,192.168.0.104,0,10.164.91.241,8,icmp,0,0,0,OTH,1,28,0,0,DOS
1552769101.91478,192.168.0.104,0,226.202.180.29,8,icmp,0,0,0,OTH,1,28,0,0,DOS
1552769100.32223,192.168.0.104,0,175.90.100.188,8,icmp,0,0,0,OTH,1,28,0,0,DOS
1552769101.0237,192.168.0.104,0,212.120.132.225,8,icmp,0,0,0,OTH,1,28,0,0,DOS
1552769102.93183,192.168.0.104,0,156.212.176.10,8,icmp,0,0,0,OTH,1,28,0,0,DOS
1552769102.71945,192.168.0.104,0,182.105.170.172,8,icmp,0,0,0,OTH,1,28,0,0,DOS
1552769099.23737,192.168.0.104,0,111.169.97.187,8,icmp,0,0,0,OTH,1,28,0,0,DOS
1552769100.05949,192.168.0.104,0,78.184.4.64,8,icmp,0,0,0,OTH,1,28,0,0,DOS
1552769102.3238,192.168.0.104,0,163.218.212.211,8,icmp,0,0,0,OTH,1,28,0,0,DOS
1552769102.87344,192.168.0.104,0,36.75.235.94,8,icmp,0,0,0,OTH,1,28,0,0,DOS
1552769102.59941,192.168.0.104,0,18.196.72.252,8,icmp,0,0,0,OTH,1,28,0,0,DOS
1552769102.68963,192.168.0.104,0,68.209.129.49,8,icmp,0,0,0,OTH,1,28,0,0,DOS
1552769103.31551,192.168.0.104,0,235.86.170.110,8,icmp,0,0,0,OTH,1,28,0,0,DOS
1552769099.46439,192.168.0.104,0,145.243.193.170,8,icmp,0,0,0,OTH,1,28,0,0,DOS
1552769100.74909,192.168.0.104,0,174.193.183.95,8,icmp,0,0,0,OTH,1,28,0,0,DOS
1552769100.67672,192.168.0.104,0,182.118.164.43,8,icmp,0,0,0,OTH,1,28,0,0,DOS
1552769103.41632,192.168.0.104,0,195.10.63.150,8,icmp,0,0,0,OTH,1,28,0,0,DOS
1552769103.11878,192.168.0.104,0,241.166.27.101,8,icmp,0,0,0,OTH,1,28,0,0,DOS
1552769103.98452,192.168.0.104,0,152.112.115.176,8,icmp,0,0,0,OTH,1,28,0,0,DOS
1552769099.24837,192.168.0.104,0,228.28.241.129,8,icmp,0,0,0,OTH,1,28,0,0,DOS
1552769103.94342,192.168.0.104,0,225.49.157.38,8,icmp,0,0,0,OTH,1,28,0,0,DOS
1552769103.29408,192.168.0.104,0,132.218.182.29,8,icmp,0,0,0,OTH,1,28,0,0,DOS
1552769101.89914,192.168.0.104,0,241.94.172.118,8,icmp,0,0,0,OTH,1,28,0,0,DOS
1552769100.0817,192.168.0.104,0,231.100.152.38,8,icmp,0,0,0,OTH,1,28,0,0,DOS
1552769101.99246,192.168.0.104,0,226.117.233.125,8,icmp,0,0,0,OTH,1,28,0,0,DOS
1552769102.49079,192.168.0.104,0,129.187.253.250,8,icmp,0,0,0,OTH,1,28,0,0,DOS
1552769100.30724,192.168.0.104,0,187.101.179.63,8,icmp,0,0,0,OTH,1,28,0,0,DOS
1552769099.59884,192.168.0.104,0,245.27.108.226,8,icmp,0,0,0,OTH,1,28,0,0,DOS
1552769100.32226,192.168.0.104,0,10.139.182.227,8,icmp,0,0,0,OTH,1,28,0,0,DOS
1552769103.33619,192.168.0.104,0,111.140.187.242,8,icmp,0,0,0,OTH,1,28,0,0,DOS
1552769100.67867,192.168.0.104,0,174.119.142.191,8,icmp,0,0,0,OTH,1,28,0,0,DOS
1552769099.45802,192.168.0.104,0,163.120.253.162,8,icmp,0,0,0,OTH,1,28,0,0,DOS
1552769102.7569,192.168.0.104,0,117.107.72.144,8,icmp,0,0,0,OTH,1,28,0,0,DOS
1552757272.15917,192.168.0.106,52630,192.168.0.100,80,tcp,1.006704,0,0,S0,2,120,0,0,DOS
1552757268.24047,192.168.0.106,60334,224.0.0.251,5353,udp,0.000011,88,0,S0,2,144,0,0,DOS
1552757274.16823,192.168.0.106,52764,192.168.0.100,80,tcp,1.015886,0,0,S0,2,120,0,0,DOS
1552757276.17895,192.168.0.106,41960,192.168.0.100,443,tcp,1.016766,0,0,S0,2,120,0,0,DOS
1552757276.28079,192.168.0.106,46396,192.168.0.105,80,tcp,1.017208,0,0,S0,2,120,0,0,DOS
1552757272.26528,192.168.0.106,46333,224.0.0.251,5353,udp,0.000033,88,0,S0,2,144,0,0,DOS
1552757272.36999,192.168.0.106,39402,224.0.0.251,5353,udp,0.000009,88,0,S0,2,144,0,0,DOS
1552757272.44823,192.168.0.106,47339,224.0.0.251,5353,udp,0.000056,88,0,S0,2,144,0,0,DOS
1552757278.2884,192.168.0.106,46530,192.168.0.105,80,tcp,1.019758,0,0,S0,2,120,0,0,DOS
1552757265.05076,192.168.0.106,38731,192.168.0.1,53,udp,7.395351,218,239,SF,5,358,5,379,DOS
1552757280.29324,192.168.0.106,47044,192.168.0.105,443,tcp,1.030412,0,0,S0,2,120,0,0,DOS
1552757287.50008,192.168.0.104,46133,192.168.0.1,53,udp,0.023926,64,184,SF,2,120,2,240,DOS
1552757272.20035,192.168.0.106,38047,192.168.0.102,37381,udp,0.237442,16,0,S0,2,72,0,0,DOS
1552757272.27324,192.168.0.106,36371,192.168.0.105,37381,udp,2.004925,16,0,S0,2,72,0,0,DOS
1552757268.14936,192.168.0.106,34121,192.168.0.100,37381,udp,2.007481,16,0,S0,2,72,0,0,DOS
1552757272.24849,192.168.0.106,34480,192.168.0.104,37381,udp,0.00045,16,0,S0,2,72,0,0,DOS
1552757265.03838,192.168.0.106,49256,192.168.0.1,37381,udp,0.010396,16,0,S0,2,72,0,0,DOS
1552757268.17966,192.168.0.106,53413,192.168.0.101,37381,udp,0.054154,16,0,S0,2,72,0,0,DOS
1552757268.23342,192.168.0.101,3,192.168.0.106,3,icmp,2.183262,150,0,OTH,3,234,0,0,DOS
1552757272.24851,192.168.0.104,3,192.168.0.106,3,icmp,0.000435,72,0,OTH,2,128,0,0,DOS
1552757265.041,192.168.0.1,3,192.168.0.106,3,icmp,0.009434,72,0,OTH,2,128,0,0,DOS
1552757272.4372,192.168.0.102,3,192.168.0.106,3,icmp,2.050862,150,0,OTH,3,234,0,0,DOS
